20
220 88
1 8 3 58265
28 21
6 5 1 85919
714311129 39521
9 5 9 999998192
497151700 96511
9 7 6 999919625
1000000000 100000
999999999 1 999999999 1000000000
98 59
6 30 524 98
97 39
34 37 656 97
78 51
3 5 5 51230
254 99
1 8 9 74990
110 53
7 7 1 64417
45068754 29153
2 9 5 999904402
977365070 59489
8 5 9 999966210
1000000000 100000
99999 1 99999 100000
131 74
1 9 10 78736
112 73
1 5 3 64100
218492221 46085
3 7 1 999969453
1000000000 1
12 7 74 12
693840425 90561
2 6 7 999957328
22 21
1 4 869 22
232959116 56689
4 9 1 999903057
