10000

1

2

3

4

5

6

7

8

9

10

11

12

13

14

15

16

17

18

19

20

21

22

23

24

25

26

27

28

29

30

31

32

33

34

35

36

37

38

39

40

41

42

43

44

45

46

47

48

49

50

54

62

66

71

90

103

105

118

139

151

177

178

184

188

196

209

218

223

226

236

237

238

241

242

247

249

252

262

276

282

289

291

292

298

301

330

340

349

358

364

373

376

378

381

410

424

430

441

453

458

465

485

501

507

509

534

535

537

541

566

578

585

600

601

620

621

624

642

666

668

685

690

694

701

720

750

761

767

782

796

801

803

806

820

830

863

879

883

887

893

912

919

924

927

928

932

940

950

968

977

989

1017

1027

1039

1046

1047

1068

1072

1078

1085

1088

1096

1107

1108

1109

1111

1113

1122

1126

1154

1159

1165

1174

1177

1187

1193

1194

1200

1202

1215

1223

1249

1253

1254

1273

1276

1280

1286

1301

1310

1317

1320

1328

1331

1333

1344

1355

1357

1381

1382

1397

1402

1406

1431

1436

1445

1458

1463

1468

1482

1510

1531

1549

1550

1571

1583

1584

1588

1616

1627

1629

1642

1647

1654

1673

1680

1698

1704

1708

1713

1720

1722

1729

1730

1769

1777

1795

1797

1814

1827

1832

1835

1836

1837

1838

1840

1843

1862

1865

1871

1873

1898

1916

1921

1935

1944

1957

1970

1983

1985

2009

2026

2084

2089

2095

2107

2109

2118

2135

2137

2150

2153

2156

2171

2172

2175

2176

2178

2179

2224

2229

2231

2233

2260

2273

2283

2287

2297

2303

2314

2317

2328

2332

2347

2353

2365

2370

2379

2402

2413

2414

2417

2419

2421

2424

2447

2448

2452

2453

2460

2471

2493

2506

2514

2517

2524

2530

2537

2540

2574

2578

2593

2600

2602

2619

2630

2641

2643

2654

2659

2673

2677

2691

2704

2707

2714

2728

2739

2745

2747

2754

2761

2781

2802

2808

2813

2817

2841

2843

2858

2882

2911

2931

2936

2945

2963

2976

2993

2998

3010

3015

3020

3022

3036

3041

3066

3082

3084

3087

3120

3132

3147

3160

3161

3165

3170

3209

3219

3229

3237

3238

3245

3247

3258

3261

3269

3275

3276

3283

3288

3293

3301

3325

3326

3327

3329

3330

3341

3344

3356

3373

3375

3390

3415

3420

3434

3438

3441

3455

3463

3470

3474

3485

3486

3488

3494

3512

3515

3525

3548

3550

3556

3560

3561

3562

3576

3587

3596

3618

3626

3629

3656

3675

3679

3688

3693

3698

3699

3723

3726

3728

3729

3737

3749

3761

3762

3763

3784

3809

3813

3819

3830

3843

3847

3853

3859

3861

3863

3881

3887

3888

3892

3893

3901

3904

3919

3931

3942

3947

3954

3987

4003

4020

4031

4037

4038

4041

4065

4067

4079

4083

4101

4118

4125

4129

4135

4140

4144

4147

4148

4162

4175

4177

4185

4196

4198

4214

4220

4233

4239

4242

4247

4254

4274

4276

4277

4287

4297

4311

4320

4324

4386

4401

4421

4423

4432

4437

4465

4469

4493

4497

4498

4500

4508

4519

4523

4524

4526

4528

4532

4543

4545

4546

4548

4549

4550

4564

4578

4584

4597

4604

4605

4610

4618

4654

4655

4666

4668

4671

4673

4678

4682

4689

4693

4694

4696

4698

4708

4730

4738

4743

4759

4760

4768

4775

4779

4780

4783

4784

4794

4800

4808

4811

4812

4820

4822

4828

4841

4865

4870

4872

4880

4887

4895

4899

4909

4912

4917

4938

4939

4945

4959

4964

4966

4972

4980

4984

4991

5032

5038

5063

5067

5073

5076

5084

5085

5093

5097

5100

5111

5114

5161

5166

5168

5169

5183

5194

5196

5197

5210

5211

5214

5215

5221

5249

5259

5265

5271

5288

5295

5302

5309

5335

5353

5363

5367

5371

5382

5390

5422

5428

5433

5450

5462

5468

5472

5478

5484

5485

5489

5496

5517

5520

5525

5527

5537

5557

5567

5569

5574

5590

5598

5600

5620

5629

5642

5643

5657

5661

5673

5701

5704

5731

5735

5738

5753

5776

5783

5803

5833

5850

5872

5875

5879

5883

5894

5895

5905

5913

5923

5951

5958

5960

5985

5991

6027

6031

6034

6039

6041

6054

6055

6056

6057

6062

6076

6077

6078

6087

6101

6122

6125

6137

6160

6174

6186

6199

6205

6207

6219

6234

6262

6275

6281

6308

6320

6322

6347

6354

6355

6358

6366

6374

6388

6391

6393

6396

6416

6434

6452

6454

6460

6467

6474

6484

6502

6504

6507

6513

6521

6525

6529

6534

6550

6577

6591

6596

6604

6611

6620

6630

6644

6646

6688

6709

6715

6726

6728

6744

6756

6765

6772

6797

6798

6841

6851

6866

6867

6887

6888

6891

6900

6901

6909

6916

6917

6922

6927

6951

6961

6977

6989

7003

7013

7014

7025

7031

7044

7047

7049

7073

7083

7090

7099

7103

7104

7114

7115

7125

7128

7136

7137

7142

7157

7174

7176

7188

7197

7212

7217

7224

7231

7234

7244

7254

7274

7276

7287

7297

7300

7313

7320

7338

7359

7366

7384

7385

7386

7398

7409

7426

7452

7472

7475

7504

7531

7532

7547

7574

7577

7580

7594

7598

7611

7612

7637

7639

7644

7657

7696

7699

7744

7745

7759

7764

7765

7780

7807

7809

7819

7821

7822

7835

7844

7852

7858

7868

7886

7897

7899

7905

7906

7920

7921

7924

7927

7937

7943

7959

7976

7977

7980

7985

7988

8016

8046

8057

8068

8076

8094

8105

8119

8122

8132

8150

8153

8211

8221

8232

8254

8262

8264

8265

8277

8280

8301

8302

8304

8312

8334

8356

8360

8374

8381

8389

8402

8404

8406

8410

8413

8416

8424

8449

8450

8471

8480

8485

8487

8498

8503

8505

8511

8516

8520

8527

8534

8547

8555

8559

8572

8591

8609

8610

8613

8617

8625

8630

8632

8639

8641

8661

8671

8673

8676

8708

8717

8719

8737

8739

8749

8753

8757

8765

8777

8778

8788

8814

8815

8833

8845

8860

8864

8889

8902

8906

8907

8937

8972

8974

8979

8981

9001

9025

9026

9029

9030

9036

9041

9051

9055

9057

9061

9079

9084

9100

9103

9105

9115

9137

9142

9143

9151

9158

9170

9196

9202

9205

9219

9228

9233

9235

9251

9254

9260

9281

9286

9294

9308

9311

9312

9344

9345

9355

9364

9371

9389

9391

9422

9429

9432

9438

9441

9444

9459

9463

9469

9476

9477

9490

9518

9576

9577

9587

9593

9598

9607

9611

9612

9625

9630

9636

9637

9651

9657

9661

9680

9681

9682

9690

9699

9706

9713

9733

9736

9737

9749

9775

9776

9794

9798

9809

9823

9824

9826

9855

9870

9879

9885

9906

9939

9941

9945

9951

9989

9991

10005

10008

10012

10013

10030

10052

10093

10099

10116

10119

10125

10129

10149

10180

10186

10188

10196

10206

10223

10236

10249

10270

10272

10275

10277

10307

10316

10317

10332

10348

10358

10359

10370

10384

10385

10388

10399

10409

10410

10418

10425

10428

10449

10453

10458

10468

10480

10483

10485

10488

10501

10519

10523

10527

10549

10559

10562

10574

10587

10626

10634

10636

10638

10672

10673

10679

10681

10700

10705

10720

10733

10738

10743

10746

10747

10769

10771

10784

10791

10800

10804

10808

10829

10839

10842

10849

10850

10855

10857

10880

10893

10896

10902

10919

10921

10951

10962

10978

10984

11046

11047

11051

11070

11084

11085

11123

11128

11131

11140

11151

11155

11168

11172

11173

11201

11210

11213

11215

11224

11226

11235

11237

11243

11250

11253

11260

11265

11268

11280

11282

11286

11288

11295

11298

11309

11322

11344

11350

11354

11379

11380

11400

11422

11428

11434

11441

11450

11455

11477

11494

11500

11503

11504

11511

11512

11517

11523

11531

11534

11556

11562

11568

11572

11588

11599

11602

11613

11620

11625

11626

11660

11666

11674

11683

11688

11694

11698

11702

11710

11713

11714

11715

11720

11729

11755

11762

11768

11772

11782

11814

11824

11835

11854

11856

11876

11896

11919

11926

11929

11937

11943

11946

11952

11953

11966

11967

11979

11981

11998

12007

12016

12029

12039

12071

12073

12076

12083

12089

12093

12100

12101

12108

12136

12139

12165

12191

12214

12247

12270

12271

12287

12321

12326

12330

12348

12355

12368

12380

12389

12416

12423

12431

12436

12440

12445

12457

12475

12490

12502

12510

12533

12546

12547

12553

12560

12577

12588

12589

12590

12595

12607

12623

12625

12626

12642

12660

12676

12683

12695

12703

12722

12742

12752

12753

12757

12758

12776

12802

12813

12821

12828

12831

12836

12843

12869

12901

12905

12913

12920

12942

12952

12953

12973

12987

13003

13005

13010

13018

13025

13026

13027

13029

13041

13046

13064

13068

13095

13101

13102

13126

13145

13150

13151

13161

13163

13167

13171

13173

13182

13190

13202

13236

13240

13263

13268

13270

13279

13280

13288

13322

13327

13346

13361

13364

13367

13369

13375

13407

13414

13426

13429

13490

13497

13499

13502

13509

13518

13525

13538

13542

13554

13556

13557

13622

13635

13641

13646

13654

13663

13669

13683

13690

13692

13693

13695

13699

13712

13724

13727

13735

13738

13753

13757

13768

13804

13807

13811

13820

13834

13835

13839

13845

13850

13851

13869

13879

13880

13895

13919

13920

13922

13942

13944

13954

13961

13977

13995

14013

14042

14047

14053

14065

14068

14073

14078

14079

14082

14092

14125

14133

14140

14145

14150

14162

14179

14190

14191

14200

14206

14220

14221

14235

14246

14283

14300

14308

14309

14320

14331

14335

14347

14356

14357

14385

14419

14420

14421

14442

14451

14485

14511

14539

14540

14550

14560

14594

14617

14623

14624

14640

14663

14684

14685

14701

14723

14730

14752

14769

14792

14818

14823

14824

14828

14835

14836

14839

14840

14844

14863

14865

14868

14899

14930

14931

14939

14940

14945

14953

14977

14998

15019

15024

15032

15037

15042

15044

15048

15051

15058

15063

15073

15088

15128

15135

15155

15158

15159

15177

15194

15209

15210

15215

15217

15229

15239

15253

15269

15283

15284

15295

15301

15336

15341

15346

15349

15359

15371

15402

15408

15432

15438

15459

15460

15485

15502

15510

15518

15526

15540

15542

15560

15561

15562

15564

15578

15599

15602

15615

15618

15634

15637

15640

15664

15676

15682

15689

15691

15703

15734

15738

15743

15744

15746

15748

15750

15754

15785

15798

15803

15809

15812

15817

15840

15847

15849

15856

15858

15860

15869

15879

15883

15887

15902

15914

15917

15926

15927

15931

15941

15955

15968

15972

15973

15985

15986

15987

15994

16001

16011

16015

16030

16044

16046

16047

16058

16068

16115

16136

16139

16174

16186

16195

16200

16219

16224

16241

16252

16257

16263

16267

16278

16292

16301

16313

16315

16354

16357

16364

16385

16391

16414

16416

16427

16429

16441

16442

16467

16502

16514

16516

16517

16527

16537

16542

16546

16561

16567

16571

16580

16586

16596

16603

16613

16614

16637

16649

16661

16667

16677

16685

16703

16711

16715

16717

16719

16723

16728

16729

16751

16752

16753

16772

16776

16777

16792

16809

16843

16844

16845

16879

16893

16925

16944

16962

16975

16999

17006

17010

17017

17021

17024

17035

17042

17045

17050

17055

17056

17106

17137

17155

17158

17166

17176

17194

17197

17200

17213

17222

17226

17239

17247

17255

17276

17281

17312

17318

17326

17329

17370

17375

17377

17445

17450

17459

17463

17465

17497

17513

17516

17521

17525

17526

17533

17544

17556

17568

17570

17589

17592

17593

17602

17613

17620

17628

17640

17672

17688

17710

17720

17729

17734

17740

17749

17751

17758

17762

17770

17776

17778

17780

17783

17790

17800

17821

17839

17852

17853

17854

17856

17860

17864

17876

17878

17900

17904

17934

17958

17961

17969

17975

18000

18031

18050

18053

18061

18062

18066

18068

18069

18077

18083

18090

18093

18094

18095

18098

18100

18104

18108

18121

18139

18140

18155

18158

18159

18208

18216

18227

18229

18234

18237

18251

18253

18280

18302

18323

18324

18335

18346

18357

18372

18373

18380

18383

18437

18450

18456

18462

18481

18490

18550

18559

18561

18563

18596

18604

18609

18622

18624

18639

18649

18669

18673

18676

18681

18684

18699

18701

18715

18723

18739

18740

18747

18751

18755

18767

18768

18788

18791

18803

18816

18817

18824

18845

18861

18887

18895

18898

18915

18925

18948

18964

18969

18974

18983

19003

19011

19014

19016

19041

19048

19052

19060

19071

19073

19094

19104

19106

19108

19111

19117

19118

19130

19131

19136

19147

19154

19194

19201

19203

19223

19226

19229

19231

19239

19268

19271

19284

19286

19290

19296

19298

19306

19316

19324

19334

19370

19375

19376

19402

19408

19409

19417

19418

19427

19446

19497

19512

19518

19523

19564

19565

19569

19578

19584

19589

19591

19604

19613

19648

19674

19691

19706

19709

19710

19721

19726

19746

19747

19757

19761

19762

19768

19770

19771

19774

19776

19794

19799

19809

19815

19825

19828

19848

19865

19866

19886

19887

19890

19902

19910

19916

19932

19946

19951

19962

19971

19984

19993

20001

20016

20018

20019

20020

20022

20029

20031

20040

20047

20054

20057

20086

20089

20093

20094

20106

20109

20110

20111

20116

20152

20168

20177

20218

20219

20222

20236

20241

20255

20263

20276

20281

20292

20310

20317

20327

20328

20333

20336

20350

20359

20362

20364

20403

20429

20435

20439

20452

20458

20461

20467

20472

20480

20492

20495

20499

20515

20519

20522

20535

20537

20539

20541

20546

20554

20557

20575

20579

20595

20599

20606

20610

20620

20621

20630

20641

20650

20669

20671

20685

20698

20706

20710

20712

20717

20749

20755

20783

20784

20793

20801

20812

20816

20823

20832

20841

20849

20851

20883

20891

20892

20896

20908

20925

20930

20936

20938

20942

20946

20948

20959

21009

21052

21066

21068

21085

21087

21093

21106

21108

21135

21138

21141

21148

21160

21184

21188

21193

21214

21245

21247

21257

21260

21264

21278

21279

21281

21299

21308

21313

21316

21345

21356

21366

21367

21378

21383

21391

21395

21402

21411

21432

21456

21460

21462

21477

21478

21487

21514

21530

21534

21554

21567

21569

21576

21588

21594

21598

21599

21616

21619

21636

21651

21654

21656

21657

21668

21682

21686

21691

21696

21710

21716

21730

21737

21745

21756

21759

21776

21787

21789

21803

21805

21815

21827

21833

21834

21841

21845

21846

21847

21861

21871

21885

21902

21905

21912

21916

21943

22013

22018

22019

22031

22032

22054

22077

22082

22095

22101

22103

22106

22111

22119

22124

22126

22127

22132

22134

22140

22165

22176

22177

22191

22215

22261

22286

22304

22309

22315

22324

22355

22370

22374

22377

22384

22385

22394

22400

22402

22409

22410

22428

22433

22445

22449

22451

22464

22480

22481

22491

22516

22517

22521

22541

22551

22576

22599

22600

22603

22609

22619

22625

22629

22675

22686

22691

22721

22756

22766

22786

22793

22803

22812

22817

22846

22849

22850

22854

22858

22872

22887

22891

22906

22911

22912

22913

22915

22918

22919

22927

22954

22971

22973

22981

22985

22986

22991

22994

23003

23010

23012

23014

23023

23026

23053

23058

23106

23110

23115

23116

23126

23128

23133

23139

23166

23177

23180

23183

23187

23189

23200

23208

23209

23234

23243

23248

23251

23254

23256

23265

23270

23286

23317

23320

23332

23333

23337

23338

23342

23354

23370

23391

23410

23414

23416

23422

23426

23434

23471

23484

23496

23501

23507

23522

23538

23577

23598

23602

23611

23612

23622

23623

23630

23638

23651

23663

23688

23706

23712

23715

23724

23737

23742

23749

23752

23760

23765

23770

23778

23780

23783

23785

23802

23815

23841

23857

23871

23887

23894

23913

23915

23942

23948

23954

23957

23969

23971

23983

23985

23994

24015

24021

24025

24029

24043

24055

24061

24080

24084

24085

24089

24100

24130

24131

24136

24151

24159

24164

24166

24181

24196

24199

24203

24209

24213

24223

24224

24257

24262

24276

24279

24282

24302

24303

24307

24308

24327

24330

24335

24352

24353

24356

24373

24381

24385

24390

24409

24424

24425

24426

24441

24444

24446

24452

24465

24499

24515

24518

24520

24524

24544

24559

24569

24581

24584

24587

24592

24622

24629

24637

24653

24657

24660

24661

24662

24663

24667

24668

24670

24674

24682

24701

24712

24717

24722

24724

24744

24755

24757

24766

24769

24780

24781

24801

24809

24822

24845

24847

24861

24871

24873

24876

24887

24895

24898

24899

24901

24903

24915

24935

24943

24946

24948

24952

24964

24966

24972

24988

24992

25004

25023

25024

25047

25048

25069

25090

25103

25148

25151

25167

25173

25178

25191

25199

25205

25214

25224

25229

25238

25262

25290

25291

25306

25313

25319

25331

25335

25352

25374

25376

25393

25403

25406

25415

25434

25435

25437

25438

25439

25467

25468

25469

25472

25476

25480

25482

25485

25486

25491

25497

25527

25536

25548

25572

25588

25593

25607

25616

25623

25624

25627

25628

25658

25673

25676

25688

25725

25726

25728

25730

25736

25740

25741

25749

25752

25758

25789

25810

25813

25817

25819

25824

25828

25831

25832

25858

25863

25872

25873

25878

25880

25894

25899

25925

25928

25936

25937

25939

25943

25944

25954

25958

25967

25986

25990

26005

26029

26035

26049

26058

26075

26084

26085

26096

26099

26120

26121

26123

26128

26133

26135

26137

26139

26145

26178

26181

26183

26219

26223

26239

26240

26251

26274

26290

26301

26302

26305

26310

26311

26323

26342

26356

26390

26415

26423

26455

26464

26482

26486

26493

26517

26533

26537

26549

26567

26568

26573

26578

26579

26597

26617

26626

26634

26645

26656

26681

26684

26692

26699

26704

26713

26733

26735

26751

26754

26758

26762

26772

26775

26776

26779

26783

26791

26795

26797

26807

26819

26858

26878

26881

26888

26895

26903

26905

26929

26939

26944

26950

26952

26954

26960

26973

26976

26981

26990

27000

27002

27016

27023

27025

27031

27043

27052

27053

27054

27057

27068

27082

27085

27091

27101

27116

27129

27133

27139

27151

27156

27193

27194

27210

27213

27218

27232

27237

27242

27243

27278

27283

27284

27304

27316

27322

27341

27354

27379

27383

27398

27406

27418

27437

27441

27461

27484

27485

27487

27490

27510

27519

27528

27539

27546

27547

27559

27576

27589

27594

27630

27631

27640

27644

27646

27674

27681

27699

27704

27708

27717

27718

27719

27724

27726

27735

27737

27738

27742

27743

27745

27761

27783

27791

27793

27807

27889

27905

27910

27924

27944

27952

27956

27997

28007

28009

28017

28027

28042

28043

28049

28070

28072

28079

28097

28112

28136

28159

28163

28165

28172

28210

28212

28222

28235

28247

28272

28273

28331

28367

28380

28389

28410

28439

28452

28456

28461

28469

28474

28488

28491

28501

28517

28541

28555

28556

28562

28604

28606

28637

28639

28661

28664

28668

28670

28671

28677

28682

28684

28694

28712

28718

28720

28723

28743

28759

28765

28773

28778

28798

28800

28802

28811

28821

28845

28855

28866

28879

28880

28882

28888

28894

28899

28909

28920

28923

28944

28948

28951

28970

28980

28992

29001

29017

29042

29046

29047

29065

29074

29076

29090

29099

29110

29111

29129

29138

29140

29151

29177

29182

29192

29217

29218

29220

29228

29232

29233

29235

29237

29277

29280

29281

29286

29290

29309

29310

29315

29323

29326

29334

29346

29357

29376

29380

29389

29430

29451

29453

29454

29459

29460

29464

29476

29481

29485

29527

29539

29540

29556

29570

29572

29583

29588

29605

29628

29648

29679

29680

29681

29706

29709

29711

29715

29716

29722

29732

29751

29752

29772

29778

29783

29784

29800

29808

29810

29811

29814

29815

29822

29827

29828

29829

29835

29841

29854

29863

29867

29873

29879

29885

29895

29906

29911

29912

29941

29992

30001

30019

30023

30030

30042

30063

30069

30075

30081

30087

30088

30089

30107

30115

30119

30129

30137

30154

30160

30167

30191

30213

30237

30241

30258

30261

30263

30267

30269

30286

30302

30304

30316

30319

30337

30351

30352

30354

30357

30364

30365

30376

30386

30389

30425

30429

30431

30432

30433

30443

30464

30465

30466

30472

30477

30478

30498

30510

30519

30547

30549

30552

30555

30563

30565

30570

30599

30617

30621

30623

30630

30632

30633

30639

30641

30642

30657

30661

30675

30683

30688

30698

30705

30711

30715

30720

30747

30748

30760

30788

30796

30816

30817

30824

30828

30833

30838

30847

30911

30927

30929

30934

30943

30947

30951

30956

30960

30971

30979

30985

30986

30990

30996

31005

31011

31018

31020

31026

31033

31035

31042

31047

31057

31059

31064

31087

31093

31098

31109

31136

31145

31147

31180

31190

31191

31193

31215

31227

31239

31240

31248

31261

31281

31287

31300

31332

31334

31337

31341

31345

31365

31366

31391

31414

31451

31465

31473

31482

31484

31486

31487

31499

31502

31505

31507

31514

31515

31518

31537

31541

31547

31555

31558

31578

31588

31606

31615

31639

31662

31671

31672

31675

31684

31691

31698

31705

31712

31715

31717

31733

31738

31753

31769

31777

31783

31793

31806

31814

31818

31829

31834

31835

31837

31842

31871

31883

31892

31897

31931

31947

31975

31986

31987

31988

31993

31997

32005

32008

32017

32026

32039

32045

32061

32072

32104

32112

32115

32123

32125

32145

32147

32158

32180

32193

32197

32201

32213

32240

32252

32283

32284

32295

32307

32346

32366

32378

32379

32388

32389

32391

32408

32409

32421

32427

32428

32439

32452

32461

32466

32505

32512

32514

32548

32549

32613

32623

32643

32645

32651

32657

32659

32665

32671

32673

32675

32692

32694

32714

32715

32720

32722

32729

32744

32765

32771

32777

32778

32800

32805

32806

32810

32813

32818

32827

32835

32853

32865

32884

32895

32902

32918

32921

32932

32934

32950

32955

32956

32963

32986

33001

33016

33020

33023

33034

33035

33059

33071

33075

33096

33102

33109

33117

33124

33134

33159

33162

33192

33203

33205

33209

33213

33221

33223

33232

33244

33259

33266

33284

33285

33288

33301

33304

33311

33312

33316

33326

33332

33350

33373

33393

33405

33444

33448

33523

33542

33558

33573

33584

33603

33620

33625

33629

33631

33632

33635

33643

33646

33657

33663

33664

33667

33674

33676

33678

33700

33707

33711

33713

33729

33735

33761

33763

33766

33768

33771

33775

33791

33802

33806

33809

33871

33885

33901

33919

33930

33931

33950

33951

33957

33964

33986

33988

33994

34005

34023

34035

34036

34057

34063

34072

34084

34085

34092

34093

34094

34099

34112

34120

34138

34140

34155

34162

34164

34165

34168

34173

34178

34191

34208

34235

34248

34254

34256

34260

34267

34271

34275

34285

34295

34297

34302

34319

34323

34325

34352

34362

34377

34390

34397

34407

34425

34429

34463

34486

34489

34496

34499

34515

34527

34528

34535

34537

34550

34557

34587

34590

34599

34618

34635

34638

34645

34654

34675

34677

34719

34746

34758

34761

34771

34782

34803

34804

34805

34809

34822

34829

34836

34838

34841

34854

34858

34862

34864

34885

34886

34889

34894

34902

34904

34926

34946

34971

34975

34988

34990

34992

34993

35010

35063

35087

35093

35097

35101

35106

35107

35111

35147

35162

35171

35183

35192

35220

35232

35251

35263

35269

35278

35280

35291

35292

35302

35311

35341

35342

35348

35376

35377

35387

35397

35414

35416

35417

35419

35431

35438

35450

35464

35465

35467

35470

35473

35481

35482

35493

35508

35512

35517

35522

35526

35530

35534

35538

35542

35550

35564

35593

35605

35613

35621

35644

35654

35662

35676

35696

35699

35704

35708

35719

35721

35733

35740

35741

35746

35747

35749

35754

35769

35773

35784

35790

35816

35830

35841

35858

35867

35868

35871

35874

35880

35921

35923

35924

35932

35936

35970

35973

35976

35982

35983

36019

36024

36025

36032

36040

36062

36104

36112

36113

36117

36131

36145

36147

36154

36172

36181

36234

36235

36251

36263

36267

36270

36279

36290

36295

36305

36314

36316

36319

36321

36325

36336

36346

36354

36356

36359

36361

36366

36380

36385

36402

36432

36436

36447

36449

36453

36456

36484

36493

36497

36506

36508

36525

36528

36556

36565

36569

36584

36586

36594

36605

36620

36632

36654

36656

36657

36678

36681

36687

36700

36707

36721

36741

36755

36767

36768

36779

36786

36790

36792

36796

36826

36842

36850

36853

36855

36858

36862

36871

36876

36881

36895

36907

36918

36924

36931

36935

36941

36950

36956

36959

36963

36972

36974

36991

37034

37046

37060

37082

37083

37100

37101

37106

37121

37157

37159

37162

37165

37182

37186

37188

37198

37199

37206

37208

37214

37226

37227

37234

37240

37241

37263

37267

37272

37275

37277

37300

37304

37315

37318

37319

37322

37326

37327

37331

37333

37350

37355

37356

37358

37359

37362

37365

37377

37385

37404

37412

37413

37426

37443

37451

37464

37465

37473

37481

37482

37487

37491

37505

37532

37534

37575

37581

37585

37598

37602

37652

37660

37663

37667

37676

37683

37686

37688

37697

37700

37709

37719

37722

37724

37725

37732

37737

37742

37749

37751

37758

37763

37780

37782

37784

37800

37815

37824

37828

37831

37832

37839

37843

37851

37854

37870

37878

37881

37885

37898

37899

37902

37910

37918

37920

37949

37955

37957

37970

37979

37987

38024

38027

38039

38040

38045

38055

38058

38063

38104

38109

38119

38131

38134

38137

38162

38167

38170

38175

38178

38198

38208

38209

38223

38229

38233

38247

38287

38331

38345

38354

38358

38379

38380

38392

38393

38400

38412

38415

38420

38437

38440

38448

38462

38465

38469

38474

38478

38486

38508

38510

38528

38532

38539

38547

38553

38575

38586

38590

38593

38600

38601

38610

38635

38643

38646

38648

38663

38677

38706

38714

38718

38719

38726

38733

38739

38741

38760

38764

38769

38771

38773

38778

38815

38817

38831

38861

38865

38882

38883

38884

38900

38912

38934

38947

38969

38988

38991

38995

39010

39031

39074

39075

39107

39112

39116

39122

39123

39128

39138

39154

39190

39193

39195

39196

39202

39204

39208

39215

39224

39238

39243

39247

39259

39263

39277

39281

39295

39297

39305

39315

39329

39336

39341

39343

39346

39351

39376

39386

39391

39392

39393

39403

39425

39432

39444

39462

39474

39481

39494

39518

39527

39553

39560

39575

39580

39583

39591

39602

39606

39611

39625

39635

39639

39646

39651

39672

39688

39689

39696

39717

39718

39727

39732

39734

39751

39775

39803

39821

39838

39840

39843

39856

39870

39875

39896

39899

39915

39933

39946

39963

39965

39967

39975

39986

39998

40012

40025

40029

40030

40041

40069

40083

40088

40094

40097

40110

40119

40124

40129

40130

40140

40149

40189

40199

40203

40231

40235

40237

40238

40253

40261

40270

40282

40295

40332

40344

40359

40373

40379

40385

40408

40411

40412

40423

40426

40435

40444

40454

40460

40485

40486

40487

40490

40506

40532

40555

40561

40566

40574

40612

40613

40614

40620

40624

40626

40627

40630

40655

40671

40672

40678

40697

40708

40730

40736

40749

40772

40774

40776

40790

40797

40810

40818

40831

40840

40862

40867

40891

40910

40918

40930

40936

40944

40961

40963

40964

40972

40974

40995

41025

41026

41053

41057

41070

41072

41077

41080

41103

41106

41137

41146

41160

41169

41170

41195

41206

41227

41228

41240

41246

41247

41275

41285

41304

41310

41314

41339

41352

41354

41356

41357

41369

41374

41381

41388

41396

41397

41400

41401

41402

41403

41404

41417

41419

41420

41428

41446

41448

41457

41458

41523

41532

41556

41560

41581

41583

41597

41607

41620

41621

41626

41629

41646

41650

41673

41745

41747

41755

41771

41781

41791

41795

41810

41819

41833

41845

41846

41850

41856

41871

41874

41889

41895

41903

41905

41909

41913

41927

41933

41942

41951

41958

41965

41977

41986

41996

42001

42021

42028

42067

42076

42078

42079

42082

42110

42122

42132

42142

42178

42184

42208

42216

42217

42219

42222

42231

42234

42243

42244

42253

42262

42286

42292

42293

42301

42317

42320

42331

42337

42352

42377

42390

42391

42408

42427

42454

42455

42472

42473

42498

42521

42533

42542

42545

42548

42558

42574

42598

42605

42621

42629

42632

42637

42639

42674

42690

42697

42704

42705

42723

42727

42729

42751

42766

42776

42793

42808

42814

42828

42831

42837

42840

42847

42852

42863

42877

42878

42879

42880

42888

42892

42894

42896

42917

42923

42926

42934

42954

42955

42967

42994

43004

43012

43034

43038

43090

43091

43105

43121

43124

43128

43137

43150

43155

43158

43173

43193

43204

43207

43215

43219

43227

43228

43232

43254

43269

43286

43288

43296

43299

43306

43307

43313

43314

43322

43342

43345

43346

43355

43361

43369

43372

43374

43381

43407

43410

43411

43420

43430

43432

43446

43463

43471

43480

43487

43491

43499

43515

43525

43531

43538

43549

43555

43568

43581

43591

43610

43622

43632

43633

43636

43645

43650

43653

43683

43688

43694

43695

43696

43705

43719

43736

43742

43769

43772

43785

43789

43790

43793

43803

43813

43818

43826

43853

43854

43856

43861

43871

43885

43889

43898

43911

43919

43920

43927

43941

43944

43957

43963

43970

44006

44029

44030

44038

44042

44044

44053

44071

44075

44084

44085

44103

44113

44143

44153

44169

44177

44194

44206

44220

44248

44252

44263

44275

44297

44365

44391

44396

44404

44406

44426

44429

44433

44436

44438

44450

44473

44483

44490

44497

44503

44508

44522

44539

44546

44552

44576

44610

44615

44617

44623

44626

44630

44640

44645

44650

44667

44671

44676

44685

44690

44698

44710

44724

44725

44728

44731

44734

44748

44773

44776

44790

44796

44809

44815

44836

44849

44863

44864

44866

44871

44881

44888

44891

44894

44903

44920

44928

44943

44946

44955

44974

44993

45012

45015

45017

45026

45039

45040

45043

45048

45059

45072

45082

45095

45099

45104

45105

45121

45133

45137

45149

45150

45154

45157

45159

45197

45205

45206

45240

45241

45243

45274

45281

45288

45294

45318

45322

45336

45371

45380

45406

45409

45412

45416

45435

45442

45470

45471

45481

45507

45517

45544

45547

45551

45553

45559

45564

45568

45572

45581

45587

45596

45602

45634

45636

45637

45647

45650

45657

45668

45678

45685

45687

45699

45717

45721

45733

45736

45739

45749

45771

45783

45827

45855

45874

45898

45905

45906

45944

45948

45952

45967

45979

45984

46009

46021

46054

46056

46065

46068

46092

46104

46105

46107

46125

46137

46147

46149

46167

46178

46182

46205

46208

46230

46235

46236

46240

46253

46258

46261

46263

46275

46286

46318

46320

46339

46345

46354

46360

46362

46367

46397

46400

46412

46415

46426

46434

46447

46451

46452

46457

46467

46470

46473

46517

46523

46559

46583

46585

46590

46593

46598

46616

46622

46632

46635

46643

46646

46654

46664

46667

46679

46689

46710

46744

46754

46756

46784

46801

46804

46807

46818

46833

46839

46843

46846

46856

46876

46880

46893

46899

46901

46905

46911

46923

46943

46950

46953

46954

46966

46980

46985

46990

46997

47003

47009

47012

47013

47017

47018

47019

47023

47025

47031

47039

47040

47042

47054

47061

47065

47069

47088

47094

47107

47117

47123

47136

47154

47166

47187

47210

47215

47246

47248

47263

47264

47269

47287

47290

47294

47316

47321

47327

47334

47337

47341

47344

47346

47357

47358

47363

47372

47397

47399

47433

47444

47454

47468

47470

47475

47480

47494

47499

47500

47503

47523

47539

47558

47568

47576

47582

47594

47611

47626

47643

47649

47679

47681

47708

47759

47764

47774

47783

47805

47806

47809

47811

47821

47828

47832

47866

47868

47878

47884

47907

47912

47929

47938

47983

47987

47989

47993

48004

48006

48054

48067

48085

48087

48090

48093

48121

48125

48141

48143

48144

48150

48155

48185

48196

48199

48200

48205

48206

48214

48229

48241

48243

48268

48270

48273

48279

48284

48290

48307

48323

48325

48331

48333

48335

48343

48367

48378

48386

48391

48392

48400

48409

48430

48434

48459

48468

48476

48479

48488

48513

48516

48523

48539

48542

48551

48554

48581

48583

48600

48619

48626

48674

48693

48694

48701

48706

48714

48719

48726

48738

48753

48756

48765

48779

48792

48794

48795

48802

48829

48837

48845

48847

48860

48889

48894

48908

48913

48928

48931

48937

48948

49000

49003

49005

49029

49033

49034

49045

49047

49065

49073

49091

49093

49100

49103

49133

49144

49149

49162

49166

49178

49179

49184

49226

49235

49259

49264

49272

49275

49288

49289

49297

49312

49317

49318

49319

49327

49334

49344

49347

49384

49389

49392

49398

49411

49414

49415

49445

49459

49467

49478

49482

49489

49495

49510

49521

49527

49534

49541

49548

49551

49556

49568

49569

49587

49604

49619

49627

49636

49637

49638

49640

49644

49649

49650

49660

49679

49684

49703

49704

49706

49717

49732

49738

49742

49750

49753

49765

49777

49778

49787

49794

49800

49805

49810

49817

49830

49842

49892

49921

49926

49933

49949

49955

49958

49962

49968

49995

50027

50039

50041

50051

50073

50078

50083

50086

50090

50092

50098

50099

50130

50140

50143

50169

50173

50183

50187

50210

50219

50238

50245

50246

50256

50259

50270

50278

50281

50286

50288

50291

50293

50308

50309

50310

50318

50325

50326

50346

50351

50354

50377

50383

50389

50400

50414

50428

50433

50437

50442

50444

50454

50457

50459

50462

50479

50483

50500

50513

50532

50552

50560

50567

50572

50579

50580

50582

50586

50590

50630

50631

50634

50636

50663

50668

50680

50692

50709

50725

50728

50733

50742

50745

50746

50754

50759

50762

50769

50770

50795

50799

50805

50818

50830

50835

50837

50843

50846

50864

50868

50881

50887

50904

50908

50910

50919

50933

50940

50951

50968

50971

50972

50990

50991

50998

51012

51017

51022

51038

51040

51078

51094

51098

51102

51103

51112

51113

51127

51136

51139

51144

51145

51160

51176

51199

51201

51207

51213

51235

51241

51253

51267

51271

51281

51321

51337

51353

51368

51369

51371

51377

51383

51384

51385

51387

51396

51399

51400

51407

51429

51443

51453

51501

51522

51533

51539

51544

51556

51579

51583

51598

51623

51630

51651

51688

51691

51692

51721

51746

51752

51769

51771

51782

51786

51797

51806

51807

51809

51811

51820

51849

51869

51880

51887

51893

51895

51906

51907

51910

51919

51920

51921

51925

51933

51937

51941

51949

51952

51957

51964

51965

51968

51992

51998

52007

52008

52011

52026

52049

52050

52058

52066

52077

52093

52123

52135

52137

52168

52171

52174

52179

52183

52190

52191

52216

52233

52261

52268

52278

52282

52286

52287

52296

52298

52301

52312

52319

52323

52365

52372

52377

52397

52400

52405

52408

52410

52414

52449

52456

52458

52460

52462

52464

52490

52510

52532

52555

52562

52563

52572

52583

52592

52594

52597

52610

52618

52626

52633

52644

52671

52693

52703

52704

52707

52715

52716

52729

52731

52741

52744

52766

52767

52800

52804

52806

52811

52822

52825

52843

52848

52856

52867

52878

52903

52936

52940

52942

52943

52953

52966

52977

52988

52994

52997

53015

53035

53036

53054

53056

53059

53069

53075

53101

53120

53137

53146

53154

53162

53175

53181

53184

53202

53228

53232

53236

53251

53261

53263

53264

53279

53320

53325

53327

53343

53349

53350

53361

53402

53410

53420

53422

53443

53444

53458

53466

53479

53496

53513

53522

53525

53527

53529

53542

53545

53550

53557

53565

53566

53571

53582

53586

53587

53589

53606

53613

53614

53628

53629

53631

53638

53649

53651

53654

53657

53691

53692

53708

53709

53724

53729

53737

53741

53746

53761

53762

53780

53782

53784

53791

53797

53808

53821

53840

53859

53861

53864

53872

53876

53878

53894

53896

53911

53914

53917

53923

53958

53965

53984

54002

54018

54042

54049

54064

54070

54074

54084

54086

54118

54123

54134

54136

54142

54168

54171

54173

54178

54191

54230

54242

54280

54283

54309

54323

54326

54331

54334

54342

54360

54373

54386

54391

54408

54414

54416

54417

54426

54428

54432

54451

54476

54487

54491

54512

54552

54560

54576

54577

54580

54584

54589

54613

54621

54634

54636

54639

54644

54648

54663

54670

54673

54682

54689

54694

54698

54725

54729

54736

54739

54753

54768

54778

54810

54831

54833

54840

54848

54854

54874

54901

54902

54907

54912

54932

54955

54961

54988

54989

54997

55018

55025

55036

55040

55046

55050

55052

55059

55060

55067

55081

55088

55090

55091

55092

55108

55117

55121

55128

55131

55144

55147

55154

55175

55188

55190

55192

55204

55213

55215

55242

55250

55279

55282

55297

55305

55308

55312

55314

55315

55321

55329

55344

55370

55380

55382

55400

55422

55426

55431

55434

55451

55452

55461

55464

55472

55476

55481

55489

55491

55510

55532

55539

55541

55565

55602

55621

55631

55634

55642

55664

55665

55667

55673

55677

55681

55694

55699

55742

55743

55748

55752

55788

55825

55832

55837

55844

55868

55892

55900

55916

55944

55967

55971

55992

55995

55998

56006

56015

56039

56056

56064

56088

56113

56115

56143

56153

56168

56194

56197

56203

56209

56211

56213

56222

56225

56227

56241

56244

56256

56260

56270

56272

56328

56330

56331

56351

56356

56357

56375

56381

56384

56387

56422

56430

56455

56463

56474

56479

56481

56485

56488

56493

56495

56505

56507

56512

56518

56527

56539

56543

56547

56561

56567

56594

56599

56600

56623

56630

56646

56658

56661

56665

56693

56709

56710

56744

56758

56792

56799

56800

56803

56805

56846

56851

56855

56863

56882

56925

56927

56936

56954

56958

56968

56973

56984

56987

56988

56994

57018

57024

57048

57054

57059

57067

57075

57090

57097

57100

57102

57108

57116

57124

57130

57142

57144

57148

57151

57163

57164

57168

57181

57183

57189

57196

57205

57207

57214

57233

57240

57242

57256

57257

57266

57274

57283

57294

57300

57319

57348

57374

57378

57395

57402

57404

57406

57420

57425

57428

57429

57430

57447

57460

57469

57488

57491

57497

57502

57575

57580

57581

57630

57646

57654

57662

57677

57696

57699

57706

57709

57715

57717

57730

57756

57757

57759

57770

57776

57795

57797

57808

57834

57841

57848

57879

57881

57885

57888

57919

57920

57924

57934

57937

57940

57960

57965

57982

57991

57993

58005

58017

58052

58079

58085

58095

58105

58109

58124

58133

58140

58167

58202

58203

58209

58210

58225

58239

58240

58242

58269

58274

58290

58301

58304

58309

58315

58330

58337

58359

58370

58372

58376

58384

58394

58405

58427

58430

58441

58442

58446

58447

58450

58472

58480

58485

58486

58501

58524

58526

58547

58552

58569

58572

58578

58582

58589

58601

58602

58612

58614

58619

58639

58641

58644

58645

58648

58652

58653

58666

58676

58687

58690

58693

58707

58711

58714

58734

58745

58747

58758

58772

58774

58779

58802

58818

58836

58839

58841

58848

58849

58895

58905

58907

58912

58916

58938

58941

58954

58957

58964

58973

58995

58999

59004

59007

59016

59025

59031

59037

59056

59061

59070

59114

59122

59130

59132

59134

59146

59148

59158

59159

59161

59180

59194

59203

59222

59226

59234

59246

59261

59264

59272

59280

59295

59298

59304

59308

59336

59348

59361

59371

59372

59375

59381

59385

59409

59414

59437

59445

59455

59466

59478

59494

59502

59506

59515

59519

59523

59533

59535

59537

59539

59552

59559

59595

59597

59601

59607

59611

59619

59623

59624

59625

59636

59639

59652

59653

59659

59660

59668

59669

59672

59676

59700

59729

59749

59751

59753

59766

59774

59776

59784

59807

59809

59817

59826

59838

59848

59852

59854

59859

59871

59877

59889

59906

59921

59934

59957

59966

59976

60004

60009

60010

60014

60016

60022

60048

60055

60060

60081

60083

60091

60103

60107

60113

60120

60124

60129

60149

60157

60171

60185

60230

60237

60263

60276

60291

60292

60296

60300

60314

60315

60323

60328

60339

60351

60391

60407

60416

60435

60438

60439

60442

60450

60467

60476

60516

60534

60542

60552

60557

60559

60563

60576

60579

60591

60600

60611

60629

60635

60662

60673

60679

60687

60698

60734

60756

60765

60772

60809

60828

60836

60840

60859

60875

60883

60884

60888

60898

60906

60923

60930

60943

60961

60969

60971

60976

60991

60998

61025

61040

61045

61048

61067

61087

61095

61098

61100

61105

61112

61122

61165

61193

61204

61208

61210

61219

61221

61243

61244

61246

61255

61273

61286

61296

61301

61304

61305

61309

61315

61328

61334

61346

61351

61353

61355

61359

61370

61376

61378

61382

61384

61387

61389

61403

61415

61427

61430

61431

61450

61453

61470

61485

61497

61531

61545

61552

61571

61575

61599

61601

61612

61615

61619

61625

61637

61642

61643

61644

61654

61656

61665

61684

61688

61693

61701

61702

61704

61712

61716

61723

61727

61738

61744

61771

61773

61781

61790

61804

61806

61828

61838

61854

61863

61867

61870

61892

61901

61904

61913

61917

61920

61935

61958

61971

61973

61994

62010

62016

62025

62026

62036

62051

62068

62071

62081

62086

62088

62102

62105

62122

62140

62145

62151

62168

62174

62185

62221

62226

62227

62238

62248

62268

62269

62275

62278

62280

62292

62299

62301

62326

62346

62355

62369

62375

62381

62382

62388

62392

62393

62398

62403

62414

62416

62425

62438

62439

62440

62442

62444

62447

62451

62457

62459

62474

62508

62519

62527

62544

62587

62598

62610

62622

62631

62632

62633

62636

62671

62672

62680

62682

62693

62694

62698

62707

62709

62711

62714

62722

62731

62742

62748

62753

62757

62761

62764

62772

62782

62793

62832

62846

62854

62881

62893

62909

62913

62924

62926

62957

62968

62972

62977

62980

62990

62998

63008

63009

63017

63022

63023

63024

63046

63055

63070

63080

63090

63092

63098

63101

63127

63130

63141

63147

63163

63182

63186

63221

63246

63247

63254

63256

63263

63264

63274

63285

63297

63308

63309

63321

63334

63365

63368

63369

63370

63371

63373

63376

63382

63387

63391

63406

63408

63419

63427

63440

63445

63446

63454

63472

63478

63479

63482

63487

63491

63503

63516

63520

63528

63531

63534

63537

63539

63545

63546

63547

63550

63560

63563

63584

63592

63603

63625

63638

63643

63661

63663

63664

63689

63697

63701

63715

63728

63766

63768

63781

63783

63786

63791

63794

63795

63825

63826

63827

63845

63847

63851

63873

63891

63903

63910

63917

63922

63925

63937

63940

63949

63954

63955

63958

63960

63974

63978

63992

63997

64026

64032

64060

64065

64071

64088

64090

64107

64109

64121

64123

64133

64134

64143

64160

64171

64174

64179

64204

64205

64208

64224

64230

64232

64239

64251

64256

64261

64268

64275

64279

64283

64284

64319

64321

64322

64341

64346

64351

64391

64413

64414

64439

64450

64458

64480

64499

64505

64506

64523

64541

64545

64548

64558

64588

64599

64634

64640

64650

64655

64666

64668

64682

64694

64707

64709

64727

64762

64775

64776

64779

64785

64790

64805

64860

64866

64876

64880

64882

64883

64889

64921

64945

64946

64961

64966

64973

64987

64991

64992

64993

65001

65003

65005

65013

65021

65059

65065

65078

65085

65088

65094

65121

65122

65139

65144

65145

65154

65160

65164

65166

65178

65183

65185

65189

65193

65230

65243

65249

65261

65263

65264

65266

65271

65279

65313

65314

65317

65337

65346

65350

65370

65392

65394

65395

65396

65415

65416

65419

65428

65436

65437

65439

65446

65484

65491

65499

65518

65525

65538

65539

65540

65549

65551

65557

65577

65587

65593

65594

65618

65620

65622

65630

65642

65654

65658

65660

65681

65693

65703

65708

65726

65728

65748

65750

65756

65764

65765

65770

65772

65777

65780

65783

65804

65808

65818

65829

65830

65842

65846

65852

65854

65884

65886

65901

65909

65916

65918

65924

65937

65968

65969

65996

66018

66023

66033

66053

66062

66075

66097

66100

66111

66115

66117

66130

66132

66148

66150

66159

66166

66194

66205

66206

66211

66213

66231

66238

66252

66259

66263

66272

66273

66279

66285

66294

66345

66347

66352

66356

66406

66418

66426

66434

66438

66443

66450

66457

66461

66476

66482

66509

66511

66512

66552

66556

66559

66581

66583

66587

66592

66611

66615

66637

66644

66645

66651

66661

66677

66682

66686

66697

66699

66717

66740

66741

66756

66758

66782

66784

66787

66791

66802

66814

66815

66829

66863

66869

66879

66885

66894

66899

66905

66908

66917

66927

66934

66937

66939

66984

66995

67001

67010

67024

67034

67063

67072

67084

67089

67102

67130

67134

67150

67183

67190

67191

67219

67224

67227

67228

67247

67256

67263

67281

67292

67293

67299

67306

67313

67322

67334

67360

67362

67370

67398

67447

67458

67459

67461

67486

67487

67500

67514

67517

67527

67539

67544

67549

67551

67565

67567

67569

67573

67581

67584

67588

67589

67618

67621

67635

67642

67649

67661

67666

67678

67695

67710

67717

67719

67727

67748

67759

67762

67771

67800

67805

67811

67816

67820

67825

67852

67858

67860

67865

67893

67898

67903

67918

67938

67964

67971

67985

67990

67995

67997

68006

68015

68018

68019

68023

68033

68062

68071

68072

68079

68081

68089

68095

68140

68172

68203

68206

68222

68223

68224

68228

68233

68243

68253

68254

68264

68281

68295

68302

68330

68349

68380

68382

68415

68420

68422

68429

68436

68454

68460

68471

68482

68484

68501

68502

68505

68520

68531

68533

68535

68554

68555

68595

68600

68621

68623

68626

68648

68657

68673

68677

68704

68709

68726

68764

68766

68770

68774

68782

68783

68794

68805

68822

68833

68845

68858

68866

68880

68895

68917

68929

68932

68964

69020

69039

69053

69066

69080

69104

69105

69108

69141

69146

69156

69159

69169

69175

69203

69225

69233

69243

69254

69259

69265

69267

69270

69276

69279

69287

69291

69294

69305

69320

69325

69326

69339

69342

69343

69345

69376

69380

69383

69388

69389

69390

69394

69409

69411

69423

69433

69436

69448

69460

69468

69477

69491

69495

69497

69498

69517

69520

69521

69547

69553

69555

69561

69563

69575

69596

69608

69620

69642

69659

69681

69685

69687

69690

69691

69717

69729

69741

69749

69754

69762

69787

69799

69800

69812

69828

69832

69840

69858

69866

69871

69884

69902

69908

69914

69922

69926

69935

69946

69949

69954

69955

69976

69985

69991

69996

70026

70031

70046

70056

70065

70073

70085

70092

70113

70122

70124

70164

70170

70182

70186

70199

70202

70203

70246

70265

70275

70280

70297

70304

70307

70318

70320

70322

70351

70370

70376

70391

70398

70414

70425

70427

70433

70455

70460

70466

70472

70477

70486

70491

70505

70515

70539

70547

70557

70572

70583

70609

70616

70619

70643

70652

70654

70656

70665

70698

70700

70729

70734

70752

70775

70781

70794

70801

70841

70844

70860

70871

70872

70883

70890

70905

70906

70915

70917

70918

70923

70946

70948

70957

70958

70989

70993

71010

71029

71052

71055

71056

71066

71067

71105

71107

71113

71120

71125

71132

71150

71164

71171

71177

71192

71193

71207

71210

71222

71257

71264

71276

71289

71294

71310

71330

71346

71350

71367

71375

71383

71384

71395

71406

71407

71416

71422

71448

71458

71465

71483

71487

71494

71495

71497

71508

71518

71522

71532

71566

71567

71591

71616

71632

71633

71643

71655

71668

71680

71686

71708

71743

71745

71748

71755

71795

71804

71817

71840

71845

71848

71852

71863

71866

71867

71868

71888

71893

71927

71932

71940

71941

71952

71957

71959

71961

71971

71993

72007

72010

72012

72017

72036

72058

72066

72068

72070

72073

72083

72086

72091

72097

72114

72127

72144

72171

72172

72174

72188

72204

72207

72210

72239

72264

72281

72291

72293

72295

72303

72304

72317

72318

72321

72328

72341

72359

72365

72388

72398

72410

72417

72446

72452

72485

72490

72493

72500

72542

72550

72552

72560

72564

72582

72583

72609

72615

72636

72664

72675

72679

72682

72687

72704

72722

72735

72737

72750

72762

72764

72775

72782

72783

72784

72806

72807

72838

72847

72853

72860

72865

72868

72874

72884

72891

72910

72915

72944

72951

72958

72959

72965

72969

72993

73008

73058

73067

73070

73072

73084

73091

73103

73106

73136

73139

73151

73162

73168

73175

73187

73197

73202

73225

73228

73239

73270

73300

73303

73307

73312

73348

73353

73364

73390

73398

73400

73408

73409

73418

73421

73425

73436

73445

73457

73462

73473

73474

73490

73496

73514

73517

73518

73529

73536

73550

73554

73556

73576

73582

73584

73604

73607

73609

73626

73641

73658

73669

73683

73684

73687

73699

73705

73713

73721

73726

73734

73736

73737

73747

73757

73765

73776

73792

73796

73804

73817

73826

73830

73837

73848

73871

73875

73896

73909

73914

73924

73941

73955

73965

73991

73999

74003

74010

74026

74047

74050

74067

74068

74070

74091

74094

74103

74106

74116

74122

74124

74125

74132

74146

74147

74162

74175

74183

74191

74208

74212

74219

74224

74229

74230

74232

74237

74244

74251

74269

74276

74284

74306

74308

74310

74312

74317

74324

74334

74336

74342

74348

74382

74388

74391

74392

74397

74432

74435

74438

74464

74469

74498

74501

74530

74533

74538

74553

74561

74598

74606

74622

74634

74636

74652

74656

74668

74679

74692

74697

74713

74738

74741

74766

74774

74794

74801

74821

74823

74824

74829

74838

74857

74862

74867

74884

74916

74944

74948

74957

74970

74978

74982

74986

74987

75010

75025

75028

75031

75039

75041

75064

75086

75100

75102

75105

75111

75131

75140

75146

75152

75161

75166

75188

75191

75200

75211

75215

75229

75237

75238

75241

75249

75264

75273

75293

75315

75316

75317

75318

75330

75333

75337

75345

75346

75352

75360

75362

75365

75375

75390

75395

75409

75419

75420

75440

75472

75477

75493

75496

75502

75514

75531

75538

75539

75545

75574

75586

75588

75592

75598

75615

75641

75643

75650

75669

75671

75675

75746

75751

75752

75756

75778

75780

75788

75797

75800

75802

75816

75819

75831

75834

75844

75857

75900

75943

75945

75967

75975

75980

75983

75990

75991

75995

76005

76008

76010

76036

76038

76045

76053

76090

76111

76112

76144

76164

76221

76242

76299

76305

76335

76339

76349

76357

76372

76391

76409

76423

76431

76432

76438

76450

76451

76462

76466

76471

76484

76488

76492

76517

76529

76541

76543

76547

76548

76555

76569

76579

76587

76589

76597

76598

76599

76612

76628

76631

76643

76651

76680

76683

76689

76699

76709

76727

76752

76755

76771

76776

76802

76818

76823

76840

76842

76848

76858

76859

76867

76879

76883

76888

76889

76896

76917

76924

76933

76949

76966

76980

76988

76992

76998

77015

77018

77026

77028

77050

77054

77058

77068

77092

77095

77135

77146

77183

77195

77208

77209

77225

77237

77244

77249

77257

77259

77261

77270

77278

77299

77328

77341

77343

77353

77356

77365

77374

77376

77378

77382

77385

77405

77416

77425

77428

77441

77455

77461

77466

77469

77484

77490

77498

77511

77532

77537

77555

77573

77578

77585

77604

77616

77636

77649

77670

77683

77693

77696

77725

77730

77732

77737

77751

77753

77758

77766

77769

77784

77785

77795

77801

77816

77818

77830

77850

77856

77886

77918

77920

77926

77952

77964

77978

77987

77990

78025

78040

78041

78049

78060

78066

78072

78074

78085

78087

78090

78105

78112

78118

78121

78133

78170

78200

78203

78206

78229

78235

78246

78276

78304

78314

78318

78327

78329

78331

78341

78349

78350

78356

78373

78378

78409

78435

78438

78441

78445

78449

78466

78473

78482

78488

78495

78503

78517

78529

78539

78545

78549

78553

78557

78566

78568

78569

78585

78597

78603

78611

78635

78647

78650

78651

78656

78689

78693

78750

78761

78762

78767

78771

78779

78782

78798

78800

78823

78842

78847

78852

78854

78862

78866

78867

78869

78895

78896

78914

78930

78937

78960

78963

78971

78974

78980

78990

79006

79010

79023

79025

79031

79047

79049

79069

79078

79083

79086

79093

79094

79108

79112

79127

79130

79164

79167

79172

79185

79229

79235

79237

79242

79247

79251

79257

79275

79299

79304

79311

79323

79324

79338

79347

79353

79355

79377

79400

79405

79407

79410

79440

79446

79481

79482

79504

79516

79538

79556

79558

79562

79603

79610

79629

79654

79678

79694

79702

79704

79707

79716

79726

79746

79758

79781

79795

79797

79815

79821

79842

79853

79861

79872

79891

79945

79951

79957

79962

79993

80006

80012

80029

80031

80035

80043

80049

80067

80084

80086

80087

80090

80096

80097

80105

80114

80117

80129

80130

80157

80164

80171

80180

80208

80228

80229

80242

80245

80247

80252

80261

80268

80302

80315

80320

80324

80327

80331

80334

80349

80363

80381

80398

80417

80419

80427

80431

80442

80450

80464

80483

80508

80511

80522

80532

80543

80558

80566

80573

80574

80580

80587

80593

80595

80603

80607

80611

80614

80628

80645

80650

80665

80672

80673

80692

80733

80741

80747

80760

80777

80795

80799

80800

80801

80807

80828

80829

80833

80846

80850

80852

80858

80863

80880

80902

80910

80912

80919

80926

80946

80962

80965

80978

80982

80985

80986

80996

81005

81006

81015

81020

81033

81050

81096

81099

81103

81105

81107

81113

81119

81140

81146

81162

81166

81174

81189

81196

81211

81280

81285

81290

81294

81304

81335

81380

81387

81405

81411

81418

81438

81453

81487

81488

81491

81515

81520

81528

81538

81543

81552

81561

81567

81587

81597

81613

81617

81625

81628

81634

81635

81657

81658

81661

81662

81663

81677

81678

81709

81711

81713

81757

81771

81778

81787

81796

81798

81807

81812

81815

81817

81824

81830

81844

81852

81856

81885

81897

81914

81945

81964

81973

81975

81981

81991

82003

82020

82031

82048

82052

82059

82062

82071

82072

82079

82082

82106

82111

82144

82161

82212

82249

82253

82261

82272

82274

82281

82303

82305

82312

82314

82316

82323

82331

82336

82337

82355

82361

82365

82371

82380

82383

82421

82427

82434

82444

82473

82482

82486

82506

82510

82532

82541

82551

82554

82555

82563

82567

82574

82575

82578

82584

82593

82600

82625

82631

82636

82638

82646

82661

82663

82672

82674

82675

82678

82718

82719

82731

82748

82751

82757

82778

82779

82796

82809

82813

82859

82874

82894

82895

82907

82922

82927

82933

82945

82947

82958

82962

82969

82974

82984

82987

83005

83006

83012

83035

83038

83050

83057

83059

83070

83083

83106

83108

83111

83112

83118

83119

83140

83158

83171

83176

83223

83225

83228

83238

83244

83247

83253

83256

83257

83262

83265

83280

83321

83335

83343

83352

83364

83381

83386

83387

83404

83423

83446

83463

83465

83489

83510

83513

83525

83538

83549

83552

83589

83601

83605

83632

83637

83658

83674

83679

83685

83696

83698

83710

83726

83738

83742

83757

83772

83774

83793

83798

83799

83801

83811

83814

83818

83821

83827

83830

83842

83859

83867

83869

83908

83968

83971

83973

83979

83988

83991

83994

84007

84013

84024

84038

84041

84057

84063

84073

84088

84104

84110

84130

84138

84147

84181

84185

84196

84200

84203

84221

84224

84226

84255

84256

84270

84289

84301

84305

84308

84322

84336

84343

84344

84364

84387

84397

84417

84421

84434

84442

84452

84457

84459

84466

84469

84478

84486

84489

84494

84506

84510

84525

84537

84543

84552

84556

84557

84576

84598

84602

84615

84617

84621

84636

84638

84639

84652

84658

84665

84675

84690

84700

84714

84723

84728

84735

84753

84756

84757

84765

84786

84793

84800

84807

84808

84827

84830

84834

84860

84887

84896

84921

84924

84944

84973

84991

85001

85005

85039

85060

85069

85074

85101

85123

85124

85137

85139

85156

85160

85179

85186

85220

85227

85251

85262

85263

85264

85271

85281

85309

85320

85324

85336

85338

85355

85366

85383

85384

85390

85399

85403

85406

85416

85432

85446

85469

85472

85477

85486

85512

85515

85517

85526

85542

85547

85551

85554

85572

85575

85595

85610

85619

85634

85664

85687

85738

85752

85753

85756

85763

85790

85799

85815

85818

85821

85825

85826

85860

85870

85880

85885

85904

85933

85939

85954

85958

85972

85973

85975

85985

85993

85996

86011

86019

86025

86026

86050

86062

86064

86082

86084

86093

86103

86112

86116

86126

86133

86137

86139

86140

86180

86190

86208

86219

86231

86239

86300

86304

86336

86343

86370

86375

86376

86391

86394

86398

86404

86423

86438

86451

86454

86464

86471

86495

86496

86506

86522

86546

86561

86563

86571

86588

86595

86603

86614

86650

86653

86655

86701

86706

86708

86711

86715

86717

86739

86749

86754

86774

86787

86790

86814

86815

86826

86836

86845

86890

86901

86907

86911

86923

86924

86944

86956

86966

86975

86985

86991

86998

87009

87013

87022

87026

87105

87123

87138

87150

87154

87158

87168

87179

87208

87241

87264

87276

87279

87286

87288

87289

87290

87316

87332

87339

87345

87358

87359

87373

87413

87447

87459

87464

87468

87476

87486

87488

87499

87526

87531

87546

87547

87558

87569

87591

87604

87609

87618

87623

87631

87653

87659

87679

87684

87698

87700

87701

87732

87734

87735

87740

87743

87744

87786

87795

87797

87836

87840

87846

87869

87891

87900

87907

87922

87930

87960

87967

87969

87971

87986

88007

88008

88021

88022

88027

88035

88043

88055

88101

88104

88109

88111

88112

88147

88155

88180

88204

88219

88224

88230

88239

88266

88268

88271

88298

88308

88311

88325

88349

88352

88355

88373

88377

88380

88388

88392

88396

88398

88399

88408

88410

88412

88414

88421

88424

88430

88437

88442

88475

88492

88510

88518

88536

88555

88563

88565

88579

88580

88582

88595

88610

88616

88630

88631

88634

88703

88708

88716

88722

88724

88733

88740

88753

88755

88762

88766

88778

88786

88797

88849

88853

88863

88864

88865

88875

88877

88897

88899

88907

88919

88936

88944

88947

88950

88973

88979

88981

88987

88988

88990

88991

88995

89000

89011

89022

89044

89048

89052

89053

89072

89083

89095

89114

89117

89118

89146

89150

89157

89158

89163

89166

89169

89188

89197

89205

89218

89283

89291

89294

89301

89305

89317

89336

89342

89344

89346

89365

89377

89381

89393

89395

89409

89428

89441

89450

89468

89470

89475

89492

89493

89498

89500

89516

89520

89523

89542

89574

89583

89590

89597

89639

89647

89649

89660

89695

89708

89722

89723

89742

89757

89778

89780

89781

89787

89795

89797

89803

89806

89810

89820

89821

89822

89831

89832

89833

89837

89862

89864

89871

89886

89892

89907

89910

89916

89932

89936

89937

89947

89957

89975

89991

89995

89997

90007

90021

90024

90032

90040

90042

90057

90060

90064

90071

90082

90094

90102

90118

90125

90132

90138

90143

90148

90155

90163

90169

90179

90183

90184

90187

90206

90216

90226

90237

90253

90254

90260

90263

90269

90272

90276

90282

90297

90311

90313

90323

90348

90363

90376

90385

90400

90407

90411

90416

90442

90453

90480

90496

90504

90507

90508

90509

90528

90539

90551

90572

90578

90583

90593

90610

90615

90624

90649

90663

90665

90668

90677

90693

90701

90703

90714

90719

90720

90723

90724

90747

90751

90762

90771

90774

90781

90782

90801

90812

90813

90825

90835

90843

90852

90862

90872

90896

90910

90917

90918

90921

90922

90924

90944

90961

90967

90968

90983

90984

90988

91001

91010

91017

91020

91024

91057

91074

91096

91097

91101

91115

91126

91136

91150

91162

91189

91203

91217

91238

91260

91280

91284

91296

91299

91316

91322

91326

91329

91334

91342

91347

91348

91351

91362

91369

91370

91371

91386

91387

91412

91414

91438

91453

91455

91461

91470

91496

91498

91514

91552

91560

91576

91579

91583

91599

91607

91612

91615

91618

91648

91654

91665

91688

91689

91690

91698

91699

91705

91746

91758

91759

91802

91807

91812

91829

91839

91840

91862

91874

91875

91885

91887

91892

91900

91902

91938

91955

91963

91966

91968

91981

91985

91991

92016

92024

92030

92043

92068

92074

92082

92083

92108

92113

92123

92126

92134

92138

92149

92151

92158

92160

92168

92175

92200

92214

92247

92248

92259

92263

92292

92311

92318

92323

92334

92335

92337

92338

92360

92373

92379

92380

92392

92408

92412

92418

92424

92444

92445

92459

92474

92475

92491

92495

92528

92537

92542

92554

92568

92589

92597

92600

92627

92638

92641

92642

92655

92661

92697

92720

92738

92761

92773

92798

92801

92811

92825

92848

92871

92874

92916

92923

92941

92958

92962

92966

92967

92969

92972

93002

93013

93018

93019

93025

93038

93057

93059

93085

93087

93089

93096

93098

93100

93102

93131

93132

93173

93176

93181

93188

93189

93199

93212

93214

93223

93227

93244

93249

93258

93261

93267

93271

93272

93280

93297

93304

93307

93312

93313

93333

93340

93346

93353

93367

93377

93378

93387

93395

93406

93418

93432

93444

93445

93455

93472

93482

93487

93507

93508

93509

93519

93521

93524

93528

93533

93540

93543

93544

93559

93561

93567

93579

93585

93595

93609

93612

93614

93654

93660

93662

93671

93684

93685

93700

93709

93714

93725

93741

93768

93790

93791

93801

93834

93835

93841

93878

93886

93889

93890

93893

93908

93937

93952

93959

93971

93976

93977

93981

93983

93990

94004

94010

94016

94017

94031

94039

94041

94042

94054

94056

94058

94074

94088

94094

94106

94116

94140

94150

94153

94154

94158

94160

94186

94193

94201

94202

94203

94212

94218

94226

94238

94241

94270

94276

94291

94295

94297

94299

94311

94320

94325

94328

94341

94345

94350

94354

94366

94380

94393

94405

94409

94431

94451

94515

94544

94549

94552

94563

94577

94585

94599

94602

94623

94625

94630

94636

94655

94679

94682

94719

94732

94738

94741

94747

94748

94753

94757

94761

94768

94780

94782

94788

94795

94810

94820

94837

94851

94856

94859

94861

94864

94876

94878

94892

94904

94918

94924

94935

94941

94963

94967

94977

94986

94994

95003

95008

95021

95037

95050

95065

95074

95076

95080

95083

95088

95094

95099

95103

95108

95113

95114

95126

95130

95137

95139

95142

95144

95145

95158

95162

95189

95198

95204

95208

95213

95228

95241

95247

95252

95258

95263

95266

95277

95295

95304

95305

95312

95322

95323

95327

95339

95340

95345

95369

95377

95383

95391

95398

95402

95405

95442

95443

95462

95464

95472

95484

95501

95509

95518

95527

95529

95533

95562

95579

95582

95604

95608

95628

95652

95665

95676

95681

95711

95713

95714

95726

95745

95751

95759

95775

95815

95830

95836

95854

95863

95887

95916

95917

95920

95921

95930

95966

95975

95978

95993

95997

96010

96024

96029

96039

96041

96059

96062

96069

96071

96075

96109

96142

96164

96169

96180

96186

96192

96199

96207

96256

96273

96285

96297

96328

96355

96373

96393

96399

96401

96415

96440

96450

96454

96463

96477

96496

96505

96509

96512

96515

96548

96550

96554

96561

96567

96574

96582

96606

96607

96610

96613

96620

96658

96661

96667

96712

96719

96720

96725

96730

96745

96748

96749

96764

96769

96802

96805

96811

96831

96845

96849

96851

96855

96857

96859

96865

96870

96872

96901

96909

96944

96954

96969

96971

96984

96988

96989

96995

97003

97005

97009

97036

97037

97043

97052

97061

97067

97071

97079

97104

97106

97125

97133

97144

97151

97153

97157

97165

97172

97182

97193

97194

97198

97207

97209

97233

97240

97242

97253

97255

97270

97276

97283

97290

97292

97312

97313

97316

97319

97322

97333

97339

97379

97380

97393

97418

97430

97444

97457

97458

97464

97469

97470

97496

97500

97508

97534

97536

97543

97544

97546

97555

97559

97597

97599

97602

97606

97614

97621

97624

97629

97644

97646

97649

97655

97662

97666

97683

97697

97698

97733

97734

97737

97740

97750

97752

97759

97762

97764

97765

97777

97792

97797

97804

97830

97833

97834

97842

97857

97862

97866

97880

97884

97894

97918

97924

97934

97935

97940

97950

97958

97968

97994

98024

98029

98040

98044

98049

98066

98071

98076

98084

98085

98093

98097

98103

98107

98108

98115

98118

98121

98130

98134

98147

98154

98169

98175

98179

98181

98223

98224

98234

98244

98247

98261

98278

98286

98290

98305

98309

98315

98316

98328

98329

98345

98348

98351

98361

98365

98375

98377

98380

98407

98417

98430

98436

98440

98449

98452

98453

98456

98462

98464

98467

98470

98471

98472

98494

98507

98509

98513

98518

98541

98545

98557

98567

98582

98588

98592

98623

98627

98631

98648

98653

98658

98659

98663

98672

98676

98682

98698

98706

98731

98734

98745

98752

98754

98768

98788

98803

98824

98830

98846

98864

98865

98875

98896

98908

98921

98923

98936

98937

98953

98954

98966

98991

99011

99018

99041

99054

99065

99068

99083

99088

99090

99092

99110

99116

99121

99122

99126

99140

99146

99162

99175

99183

99191

99205

99223

99224

99241

99256

99261

99262

99274

99276

99286

99288

99305

99306

99307

99317

99325

99333

99334

99337

99344

99346

99353

99358

99359

99360

99365

99366

99386

99391

99392

99409

99410

99412

99428

99435

99436

99440

99476

99478

99499

99517

99542

99551

99557

99562

99578

99582

99618

99649

99673

99677

99688

99706

99712

99717

99724

99734

99759

99771

99777

99802

99811

99818

99820

99846

99852

99865

99869

99883

99891

99894

99900

99904

99910

99916

99924

99942

99957

99966

99967

99968

99979

99981

99982

99990

100000
