-1
-1
-1
-1
-1
-1
-1
-1
-1
-1
-1
-1
-1
-1
-1
-1
-1
-1
-1
-1
-1
-1
-1
-1
-1
-1
-1
-1
-1
-1
-1
-1
-1
-1
-1
-1
-1
-1
-1
-1
-1
-1
-1
-1
-1
-1
-1
-1
-1
-1
-1
-1
-1
-1
-1
-1
-1
-1
-1
-1
-1
-1
-1
-1
-1
-1
-1
-1
-1
-1
-1
-1
-1
-1
-1
-1
-1
-1
-1
-1
-1
-1
-1
-1
-1
-1
-1
-1
-1
-1
-1
-1
-1
-1
-1
-1
-1
-1
-1
-1
-1
-1
-1
-1
-1
-1
-1
-1
-1
-1
-1
-1
-1
-1
-1
-1
-1
-1
-1
-1
-1
-1
-1
-1
-1
-1
-1
-1
-1
-1
-1
-1
-1
-1
-1
-1
-1
-1
-1
-1
-1
-1
-1
-1
-1
-1
-1
-1
-1
-1
-1
-1
-1
-1
-1
-1
-1
-1
-1
-1
-1
-1
-1
-1
-1
-1
-1
-1
-1
-1
-1
-1
-1
-1
-1
-1
-1
-1
-1
-1
-1
-1
-1
-1
-1
-1
-1
-1
-1
-1
-1
-1
-1
-1
-1
-1
-1
-1
-1
-1
-1
-1
-1
-1
-1
-1
-1
-1
-1
-1
-1
-1
-1
-1
23112
-1
-1
-1
-1
-1
-1
-1
-1
-1
-1
-1
-1
-1
-1
-1
-1
-1
-1
-1
-1
-1
-1
-1
-1
-1
-1
-1
-1
-1
-1
-1
-1
6363
-1
-1
-1
-1
-1
-1
-1
-1
-1
-1
-1
-1
-1
-1
-1
-1
-1
-1
-1
-1
-1
-1
-1
-1
-1
-1
-1
-1
-1
-1
-1
-1
-1
-1
-1
-1
-1
-1
-1
-1
-1
-1
-1
-1
-1
-1
-1
-1
-1
-1
-1
-1
-1
-1
-1
-1
-1
-1
-1
-1
-1
-1
-1
-1
-1
-1
-1
-1
-1
-1
-1
-1
-1
-1
-1
-1
-1
-1
-1
-1
-1
-1
-1
-1
-1
-1
-1
-1
-1
-1
-1
-1
-1
-1
-1
-1
-1
-1
-1
-1
-1
-1
-1
-1
-1
-1
-1
-1
-1
-1
-1
-1
-1
-1
-1
-1
-1
85
-1
-1
-1
-1
-1
-1
-1
-1
-1
-1
-1
-1
-1
-1
-1
-1
-1
-1
-1
-1
-1
-1
-1
-1
-1
-1
-1
-1
-1
-1
-1
-1
-1
-1
-1
-1
-1
-1
-1
-1
-1
-1
-1
-1
-1
-1
-1
-1
-1
-1
-1
-1
-1
-1
-1
-1
-1
-1
-1
-1
-1
-1
-1
-1
-1
-1
-1
-1
-1
-1
-1
-1
-1
-1
-1
-1
-1
-1
-1
-1
-1
-1
-1
-1
-1
-1
-1
-1
-1
-1
-1
-1
-1
-1
-1
-1
-1
-1
-1
-1
-1
-1
-1
-1
-1
-1
-1
-1
-1
-1
-1
-1
-1
-1
-1
-1
-1
-1
-1
-1
-1
-1
19457
-1
-1
-1
-1
-1
-1
-1
-1
-1
-1
-1
-1
-1
346
-1
-1
-1
-1
-1
-1
-1
-1
-1
-1
-1
-1
-1
-1
-1
-1
-1
-1
85
-1
-1
-1
-1
954
-1
-1
-1
-1
-1
-1
-1
-1
-1
-1
-1
-1
-1
-1
-1
-1
-1
-1
-1
-1
-1
-1
-1
-1
-1
-1
954
-1
1990
-1
-1
-1
-1
-1
-1
-1
-1
-1
-1
-1
-1
-1
-1
-1
-1
-1
-1
-1
-1
-1
-1
3041
-1
-1
-1
-1
-1
-1
-1
-1
-1
-1
-1
-1
-1
-1
-1
-1
-1
-1
-1
-1
-1
-1
-1
-1
-1
-1
-1
-1
-1
-1
-1
-1
-1
-1
-1
-1
-1
-1
-1
-1
-1
-1
-1
-1
-1
-1
-1
-1
-1
-1
-1
-1
-1
34422
-1
-1
-1
-1
-1
-1
-1
-1
-1
-1
-1
-1
-1
-1
-1
-1
-1
-1
-1
-1
-1
-1
-1
-1
-1
-1
-1
-1
-1
-1
-1
-1
-1
2869
-1
-1
-1
-1
-1
-1
-1
-1
-1
-1
-1
-1
-1
-1
-1
-1
-1
-1
-1
-1
-1
-1
-1
-1
-1
-1
-1
-1
-1
-1
-1
-1
-1
-1
-1
-1
-1
-1
-1
-1
-1
-1
-1
-1
-1
-1
-1
-1
-1
-1
85
-1
-1
-1
-1
-1
-1
-1
-1
-1
-1
-1
-1
-1
-1
-1
-1
-1
-1
-1
-1
-1
-1
-1
-1
-1
-1
-1
-1
-1
-1
-1
-1
-1
-1
-1
-1
-1
-1
-1
-1
-1
-1
-1
-1
-1
-1
-1
-1
-1
-1
-1
-1
-1
-1
-1
-1
-1
-1
-1
-1
-1
-1
-1
-1
-1
-1
-1
-1
-1
-1
-1
-1
-1
-1
-1
-1
-1
-1
-1
-1
-1
-1
-1
-1
-1
-1
-1
-1
-1
-1
-1
-1
-1
-1
-1
-1
-1
-1
-1
-1
-1
-1
-1
-1
-1
-1
-1
-1
-1
-1
-1
-1
-1
-1
-1
-1
-1
-1
-1
-1
-1
-1
-1
-1
-1
-1
-1
-1
-1
-1
-1
-1
-1
-1
3821
-1
19457
-1
-1
-1
-1
-1
-1
-1
-1
-1
-1
-1
-1
-1
-1
-1
-1
-1
-1
-1
-1
-1
-1
-1
-1
-1
-1
-1
-1
-1
-1
-1
-1
-1
-1
-1
-1
-1
-1
-1
-1
-1
-1
-1
-1
-1
-1
-1
-1
-1
-1
-1
-1
-1
-1
-1
-1
-1
-1
-1
-1
-1
-1
-1
-1
-1
-1
-1
-1
-1
-1
-1
-1
-1
-1
-1
-1
-1
-1
-1
-1
-1
-1
-1
-1
-1
-1
-1
-1
-1
-1
-1
-1
-1
-1
7060
-1
-1
-1
-1
-1
-1
-1
-1
-1
-1
-1
-1
-1
-1
-1
-1
-1
-1
-1
-1
-1
-1
-1
-1
-1
-1
-1
-1
-1
-1
-1
-1
-1
20988
-1
-1
-1
9688
-1
-1
-1
-1
-1
-1
-1
-1
-1
-1
-1
-1
-1
-1
-1
-1
-1
-1
-1
5296
-1
-1
-1
-1
-1
-1
-1
-1
-1
-1
-1
-1
-1
-1
-1
-1
-1
-1
-1
-1
-1
-1
5988
-1
-1
-1
-1
-1
-1
-1
-1
-1
-1
-1
-1
-1
-1
-1
-1
-1
-1
-1
-1
-1
-1
-1
-1
-1
-1
-1
-1
-1
-1
-1
-1
-1
-1
-1
-1
-1
-1
-1
-1
-1
-1
-1
-1
-1
-1
-1
-1
-1
723
-1
-1
-1
-1
-1
-1
-1
-1
-1
-1
-1
-1
-1
-1
-1
-1
-1
-1
-1
-1
-1
-1
-1
-1
-1
-1
-1
-1
-1
-1
-1
-1
-1
41319
-1
-1
-1
-1
-1
-1
-1
-1
-1
-1
-1
-1
-1
-1
-1
-1
-1
-1
-1
-1
-1
-1
-1
-1
-1
-1
-1
-1
-1
-1
-1
-1
-1
-1
-1
-1
-1
-1
-1
-1
-1
-1
-1
-1
-1
-1
-1
-1
-1
1036
-1
-1
-1
-1
-1
-1
-1
-1
-1
-1
-1
-1
-1
-1
-1
-1
-1
685
-1
-1
-1
-1
-1
-1
-1
-1
-1
-1
-1
-1
-1
-1
-1
-1
-1
-1
-1
-1
-1
-1
-1
-1
-1
-1
-1
-1
-1
-1
-1
-1
-1
-1
-1
-1
-1
-1
-1
-1
-1
-1
-1
43588
-1
-1
-1
-1
-1
26878
-1
-1
-1
-1
-1
1603
-1
-1
-1
-1
-1
-1
-1
-1
-1
-1
-1
-1
-1
-1
-1
4799
-1
-1
-1
-1
-1
-1
21287
-1
-1
-1
-1
-1
-1
-1
-1
-1
-1
-1
-1
-1
-1
-1
-1
-1
-1
-1
26878
-1
-1
-1
-1
-1
-1
-1
-1
-1
-1
-1
5173
-1
-1
-1
-1
-1
57964
685
-1
-1
-1
-1
-1
-1
-1
-1
-1
-1
-1
-1
-1
-1
-1
-1
2988
-1
56
1002
87445
1002
-1
-1
-1
-1
-1
-1
-1
-1
-1
-1
-1
3508
-1
-1
-1
-1
-1
-1
-1
2174
-1
-1
-1
-1
-1
-1
-1
-1
-1
-1
-1
-1
750
-1
-1
-1
-1
-1
-1
-1
-1
-1
-1
-1
-1
1821
-1
-1
-1
-1
3482
-1
-1
-1
-1
-1
-1
-1
1488
900
-1
-1
-1
-1
-1
-1
-1
-1
-1
-1
-1
-1
9688
-1
-1
-1
-1
-1
-1
-1
-1
109
-1
-1
-1
-1
1488
-1
-1
-1
-1
-1
-1
-1
-1
-1
-1
-1
7643
-1
-1
-1
-1
-1
-1
-1
-1
-1
-1
-1
-1
-1
-1
-1
-1
-1
1907
-1
-1
6525
-1
-1
-1
-1
-1
-1
-1
-1
-1
-1
-1
-1
-1
-1
-1
-1
1607
-1
-1
-1
-1
-1
-1
74092
-1
1907
-1
-1
-1
-1
-1
-1
-1
-1
-1
-1
-1
85
-1
-1
-1
-1
-1
-1
-1
-1
-1
-1
-1
-1
-1
-1
-1
-1
1607
-1
-1
-1
-1
-1
-1
-1
56
-1
-1
-1
-1
-1
-1
-1
-1
-1
-1
14485
-1
-1
-1
900
-1
-1
-1
-1
-1
-1
-1
-1
-1
-1
-1
-1
-1
-1
1607
-1
-1
-1
-1
-1
17139
-1
-1
-1
24315
900
-1
-1
-1
1306
-1
-1
-1
-1
-1
-1
-1
1002
-1
-1
-1
-1
-1
-1
-1
-1
-1
-1
-1
-1
-1
-1
44974
-1
-1
-1
-1
-1
-1
-1
-1
-1
-1
-1
-1
-1
-1
-1
-1
-1
-1
-1
-1
-1
-1
-1
-1
-1
-1
-1
-1
-1
-1
-1
-1
-1
-1
-1
-1
-1
-1
-1
-1
6755
-1
-1
-1
-1
-1
-1
-1
-1
-1
-1
-1
-1
-1
-1
-1
-1
3262
-1
-1
-1
-1
-1
-1
10189
-1
-1
-1
-1
-1
-1
-1
-1
-1
-1
-1
-1
-1
10943
-1
-1
-1
-1
-1
-1
-1
-1
-1
-1
-1
-1
-1
-1
-1
-1
-1
-1
-1
1306
-1
-1
4506
-1
-1
-1
-1
-1
-1
-1
-1
-1
-1
-1
-1
-1
-1
-1
-1
-1
-1
-1
-1
-1
-1
-1
-1
-1
-1
-1
-1
-1
-1
-1
-1
-1
-1
-1
-1
-1
-1
-1
-1
-1
-1
-1
-1
-1
-1
-1
-1
6755
-1
-1
-1
-1
-1
-1
-1
-1
-1
-1
-1
-1
85
-1
-1
-1
-1
-1
-1
-1
-1
-1
-1
-1
-1
56
-1
-1
-1
-1
-1
-1
-1
-1
-1
-1
-1
2086
-1
-1
-1
9427
-1
-1
-1
-1
-1
-1
-1
-1
-1
-1
2257
900
-1
-1
-1
-1
-1
-1
-1
-1
-1
-1
723
-1
-1
-1
-1
-1
3041
346
954
-1
-1
-1
3525
-1
-1
-1
-1
-1
-1
-1
-1
-1
-1
-1
-1
-1
-1
-1
-1
3041
-1
-1
-1
-1
-1
-1
-1
-1
56
-1
3
3
-1
-1
-1
-1
-1
3
3
-1
3
-1
-1
5946
-1
-1
-1
3
-1
3
-1
-1
-1
-1
-1
23112
-1
-1
-1
-1
-1
-1
3
-1
-1
-1
-1
-1
3
-1
-1
-1
1607
-1
-1
-1
-1
-1
-1
-1
-1
-1
13747
-1
3
-1
1488
3
-1
-1
-1
-1
-1
3
-1
-1
3
-1
3
3
-1
-1
3
-1
-1
-1
-1
-1
-1
3
-1
-1
-1
3
-1
-1
-1
3
2869
3
-1
3
-1
-1
-1
-1
-1
-1
-1
3
-1
-1
-1
-1
-1
-1
3
-1
-1
-1
-1
-1
3
-1
-1
3
-1
-1
-1
3
-1
3
-1
-1
3
-1
-1
-1
3
-1
-1
-1
-1
-1
-1
-1
-1
-1
-1
3
-1
-1
3
-1
-1
3
3
-1
3
-1
3
-1
3508
-1
3
-1
798
-1
1607
-1
-1
-1
-1
-1
-1
3577
-1
3
-1
3
-1
-1
-1
-1
-1
-1
-1
-1
-1
-1
-1
-1
-1
3
-1
3
-1
-1
-1
3
-1
3
-1
-1
-1
3
3
-1
3
-1
3
-1
-1
-1
14485
-1
-1
-1
-1
-1
-1
-1
3
-1
-1
-1
46956
3
-1
-1
-1
-1
3
-1
-1
-1
-1
3
3
-1
-1
3
3
-1
-1
-1
-1
3
-1
-1
2145
3
-1
3
-1
-1
-1
-1
-1
3
3369
3
-1
-1
2692
3
-1
3
-1
3
-1
-1
1603
3
3
-1
-1
-1
-1
3
-1
-1
-1
3
3
-1
3
3
-1
-1
-1
-1
-1
-1
-1
-1
-1
-1
3
3
-1
-1
3
-1
3
3
3
3
-1
3
3
52590
3
346
-1
-1
-1
3
-1
-1
3
-1
-1
3
28454
-1
3
-1
-1
-1
-1
-1
-1
1607
-1
-1
-1
-1
-1
-1
-1
-1
-1
-1
3
3
-1
-1
-1
-1
3
-1
94010
48366
-1
-1
-1
-1
-1
-1
3
3
3
3
3
74558
-1
3
25189
-1
-1
-1
-1
3
-1
3
1306
-1
3
-1
-1
-1
-1
-1
3
3
-1
3
-1
3
-1
-1
3
3
-1
11117
-1
3
-1
-1
-1
-1
3
-1
-1
3
3
-1
3821
3
-1
-1
3
3
-1
3
3
3
3
-1
-1
3
-1
-1
-1
-1
798
3
-1
-1
-1
-1
3
-1
-1
3
-1
3
-1
-1
12248
2103
-1
3
-1
-1
-1
3
3
-1
4036
3
-1
3
3
1488
-1
-1
-1
1607
-1
-1
3
-1
-1
-1
3
-1
3
-1
-1
-1
3
-1
-1
-1
-1
3
-1
-1
-1
-1
-1
-1
-1
-1
-1
-1
-1
-1
-1
3
-1
-1
-1
-1
3
3
-1
-1
-1
-1
-1
3
-1
-1
-1
-1
3
-1
-1
3
-1
-1
3
-1
3
3
-1
-1
-1
-1
-1
3917
-1
-1
-1
-1
-1
14485
-1
3
-1
-1
-1
-1
3
-1
-1
3
-1
-1
-1
-1
-1
3
-1
3
-1
3
-1
-1
-1
-1
3
3
-1
-1
-1
-1
-1
56
3
-1
3
-1
3
9688
3
-1
-1
-1
-1
-1
-1
-1
3
-1
-1
-1
-1
-1
-1
-1
3
3
-1
1036
-1
-1
3
-1
3
-1
3
5808
750
-1
-1
3
-1
-1
-1
3
-1
-1
8295
9242
-1
-1
3
19597
3
3
-1
3
-1
-1
-1
-1
-1
-1
-1
3
-1
-1
685
3
3
-1
-1
-1
-1
-1
-1
3
3
-1
3262
3
-1
-1
674
3
-1
-1
-1
3
3
-1
3
3
3
-1
-1
-1
-1
3
-1
-1
-1
-1
-1
-1
3
-1
3
-1
-1
3
-1
56
-1
3
-1
-1
-1
-1
3
-1
3
-1
-1
3
-1
-1
3
3
3
-1
-1
-1
-1
-1
-1
-1
-1
3
3
14337
-1
-1
-1
-1
-1
-1
-1
5454
-1
-1
3
-1
-1
-1
-1
-1
-1
3
-1
-1
-1
3
3
-1
3
-1
3
-1
-1
-1
-1
-1
-1
16328
3
-1
-1
-1
-1
-1
-1
-1
3
-1
42951
-1
-1
-1
-1
-1
-1
-1
-1
3
-1
-1
-1
3
-1
-1
-1
-1
3
3
-1
-1
3
-1
3
-1
-1
-1
-1
-1
-1
-1
-1
16924
-1
3
-1
-1
-1
3
-1
-1
3
3
-1
-1
-1
-1
652
-1
-1
-1
-1
-1
3
798
-1
3
-1
-1
-1
-1
-1
-1
-1
-1
11117
798
-1
17828
-1
3
3
3
3
3
-1
-1
-1
-1
3
3369
-1
-1
-1
25154
-1
-1
-1
-1
-1
-1
-1
3
-1
-1
-1
-1
3
-1
-1
-1
-1
3
3
-1
3
3
-1
-1
346
3
-1
-1
3
3
-1
-1
-1
2662
-1
-1
-1
3
3
5292
-1
4095
-1
-1
-1
-1
-1
-1
-1
-1
-1
-1
-1
3
-1
-1
3
-1
5173
-1
-1
-1
3
3
3
13739
3
-1
-1
-1
3
3
3
-1
3
3
-1
3
-1
3
-1
-1
3
-1
3
-1
-1
-1
-1
176
3
-1
176
-1
-1
-1
176
10128
3
-1
-1
-1
-1
-1
532
-1
-1
-1
-1
-1
-1
3
-1
-1
-1
-1
-1
4293
-1
-1
-1
3
-1
3
-1
-1
3
3
5304
-1
-1
3
3
-1
-1
-1
-1
-1
3
3
-1
-1
-1
3
-1
3
-1
176
-1
-1
-1
4095
-1
-1
-1
-1
-1
-1
-1
-1
750
3
-1
-1
-1
3
9320
3
3
-1
-1
3
-1
2221
-1
3
-1
3
3
-1
-1
-1
3
3
-1
-1
50205
-1
52983
56
-1
3
-1
-1
-1
3
3
-1
-1
-1
1036
-1
3
3
3
56
3
3
-1
3
-1
-1
-1
-1
3
3
-1
-1
-1
3041
-1
-1
3
-1
-1
-1
-1
-1
3
3
3
-1
42951
3
-1
3
-1
3
3
21935
-1
3798
-1
3
176
-1
-1
3
-1
-1
-1
3
-1
-1
-1
-1
3
-1
-1
-1
-1
-1
-1
-1
-1
-1
-1
-1
-1
3
-1
-1
3
-1
7783
-1
3
3
-1
-1
-1
-1
3
-1
-1
3
-1
3
3
-1
-1
3
3
3
-1
-1
-1
-1
3
3
-1
-1
3
-1
-1
-1
3
5507
-1
-1
3
3
-1
-1
750
3
-1
3
-1
3
-1
-1
3
3
-1
-1
176
3
-1
-1
3
-1
-1
3
-1
-1
-1
-1
3
-1
674
3
-1
-1
-1
3
3
3
1488
1488
3
3
-1
-1
176
-1
2221
3
-1
3
5678
3145
-1
3
-1
3
3
-1
-1
-1
-1
-1
5173
-1
3
3
3
3
56
-1
176
-1
-1
3
-1
3
3
-1
1488
71857
-1
-1
3
3
-1
-1
-1
-1
-1
-1
-1
-1
-1
-1
-1
3
3
3
-1
-1
-1
-1
3
3
6755
-1
3
-1
-1
-1
-1
3
3
-1
-1
6755
-1
33423
-1
3
3
527
176
3
-1
3
-1
-1
-1
3
-1
3
-1
-1
-1
3
-1
-1
-1
3
3
3
-1
-1
176
-1
3
-1
-1
-1
-1
-1
-1
-1
-1
537
-1
-1
-1
3
3
3
537
-1
176
-1
-1
-1
3
-1
-1
7125
2692
-1
-1
2062
-1
-1
-1
3
-1
3
-1
-1
3
-1
-1
-1
3
-1
-1
-1
-1
3
176
-1
-1
-1
-1
-1
-1
-1
3
-1
-1
-1
-1
3
-1
-1
-1
-1
176
-1
1311
3
-1
1603
-1
3
-1
-1
-1
-1
3
-1
-1
-1
-1
-1
3
-1
-1
3
-1
3508
3
-1
3
-1
3
-1
3
-1
-1
-1
-1
5292
-1
3
4293
176
-1
-1
-1
-1
7607
3
-1
-1
-1
-1
3
-1
-1
-1
-1
-1
-1
-1
-1
3
-1
-1
3
-1
346
-1
-1
-1
3
-1
-1
3
-1
176
3
-1
3
-1
3
-1
-1
-1
-1
-1
-1
2062
-1
3
-1
3
-1
-1
-1
-1
3
3
798
-1
3
3
-1
-1
-1
-1
-1
-1
3
4036
-1
-1
3
3
-1
-1
-1
-1
3
-1
-1
-1
-1
3
2062
-1
3369
-1
56
-1
-1
-1
-1
-1
-1
3
-1
-1
-1
23355
-1
3
-1
-1
-1
-1
-1
-1
3
-1
176
3
-1
-1
3
-1
-1
3
3
-1
-1
176
3
3
3
-1
-1
3
-1
3
176
-1
3
3
-1
-1
-1
56
-1
-1
1306
3
-1
6553
3
-1
3
-1
-1
-1
-1
-1
3
-1
3
246
-1
3
22726
-1
-1
-1
4036
31413
-1
-1
-1
-1
-1
3
13436
4293
-1
-1
11368
3
3
3
3
-1
-1
-1
3
-1
-1
-1
-1
537
-1
-1
-1
3
3
56
3
-1
3
-1
-1
3
4672
-1
-1
-1
176
3
115
3
-1
-1
-1
-1
-1
3
-1
3
-1
-1
-1
-1
3
-1
3
-1
-1
-1
-1
-1
13562
3
3
-1
3
-1
19868
-1
-1
-1
-1
-1
-1
-1
-1
-1
-1
-1
-1
3
-1
-1
3
-1
-1
3
-1
-1
-1
176
-1
-1
-1
3
-1
3
3
-1
-1
-1
-1
-1
3
3
3
-1
3
3
-1
3
-1
-1
3
3
3
3
-1
6423
-1
-1
-1
3
3
-1
-1
-1
-1
-1
-1
-1
-1
3
-1
-1
-1
-1
-1
-1
-1
-1
3
-1
-1
-1
-1
3
-1
-1
3
3
-1
-1
-1
3
-1
3
-1
-1
-1
3
3
-1
-1
-1
-1
3
-1
51770
3
-1
3
-1
3
3
-1
-1
3
-1
-1
3
3
-1
3
-1
3
3
3
3
-1
-1
115
246
176
-1
3
3501
-1
-1
-1
-1
3
115
-1
-1
3
-1
-1
3
-1
176
-1
1311
-1
3
42141
537
3
56
-1
3
9331
11914
-1
3
-1
-1
-1
-1
115
6481
-1
-1
-1
3
-1
3
-1
-1
-1
-1
-1
-1
-1
-1
5678
-1
-1
-1
-1
3
3
-1
-1
-1
-1
-1
-1
-1
6553
-1
-1
66947
3
3
-1
3
-1
-1
-1
176
-1
3
-1
-1
-1
-1
3
-1
-1
3
-1
-1
-1
-1
5268
-1
4293
824
-1
-1
-1
3
-1
-1
-1
-1
-1
-1
3
-1
-1
3917
56
-1
-1
-1
3
-1
580
-1
-1
3
-1
176
3
3
-1
3
-1
-1
176
-1
3
-1
-1
3
-1
3
3
-1
-1
-1
3
3
-1
1607
-1
-1
-1
3
-1
-1
176
-1
2274
-1
3
-1
-1
3
-1
3
3
3
-1
-1
-1
3
3
-1
-1
-1
3
-1
-1
3
56
3
3
-1
-1
17441
-1
-1
-1
3
-1
-1
3
-1
3
3
21935
115
-1
3917
-1
3
-1
176
3
-1
-1
-1
-1
-1
3
-1
-1
-1
9177
3
-1
-1
-1
-1
-1
-1
-1
-1
527
3
3
3
-1
-1
-1
-1
878
-1
3
3
3
3
-1
-1
-1
54845
-1
-1
3862
3
3
-1
-1
-1
-1
-1
115
5292
3
-1
3
-1
-1
24469
3
3
3
176
-1
3
-1
3
-1
-1
5695
-1
3
3
-1
3
3
3
3
-1
176
-1
3
-1
-1
3
3
-1
-1
-1
3
-1
3
2223
-1
-1
32092
3
-1
-1
-1
3
-1
3
-1
-1
-1
-1
5757
-1
-1
-1
1756
3
3
176
-1
-1
-1
-1
3
-1
818
-1
-1
3
56
-1
-1
3
-1
-1
-1
8398
-1
-1
-1
3
-1
3
-1
3
3
-1
-1
-1
1311
-1
-1
-1
-1
3
-1
-1
-1
3
-1
3
3
3
3
-1
-1
-1
3
115
3
3
-1
-1
-1
-1
3
-1
-1
-1
1607
56
-1
-1
-1
-1
418
-1
3
-1
893
537
-1
-1
-1
3
-1
-1
-1
5946
3
3
-1
-1
3
-1
-1
3
-1
-1
3
-1
-1
-1
-1
-1
-1
-1
176
-1
-1
2274
-1
-1
3145
-1
-1
-1
-1
3
-1
-1
-1
1311
3
3
-1
-1
-1
-1
-1
3
-1
2692
176
-1
-1
3
3
-1
-1
-1
3
176
-1
3
418
3
-1
-1
-1
3
3
3
-1
-1
3
-1
3
-1
-1
-1
750
-1
3
3
-1
-1
56
-1
16092
3
1607
3
-1
15055
-1
3
-1
246
3
-1
3
-1
-1
3
3
-1
3
-1
-1
-1
3
-1
176
-1
-1
3
-1
-1
-1
-1
750
3501
3
-1
-1
3
3
3
-1
-1
3
3
-1
-1
3
14936
-1
3
-1
-1
3
3
-1
3
-1
-1
3
-1
-1
3
3
-1
-1
-1
-1
-1
3
-1
-1
3
-1
3
46860
-1
-1
-1
-1
3
-1
798
-1
3
-1
-1
-1
-1
-1
-1
-1
25713
7029
3
-1
-1
3
-1
-1
-1
3
-1
3
-1
-1
-1
-1
-1
3
-1
-1
3
3
-1
40558
-1
-1
3
-1
-1
3
-1
3
176
176
-1
3
176
-1
3
3
-1
-1
29627
-1
-1
3
-1
3
3
13752
8637
3
-1
-1
-1
-1
-1
-1
-1
-1
-1
10100
-1
-1
176
-1
5268
3
2221
-1
-1
-1
3
3
10128
20436
-1
3
-1
3
-1
3
-1
-1
3
176
1311
-1
1311
3
3
3
-1
3
-1
-1
-1
3
-1
-1
3
-1
-1
3
-1
-1
3798
-1
-1
-1
3
-1
-1
69052
3
-1
-1
20436
-1
674
3880
3
-1
-1
3
3
3
6755
3
-1
3
-1
3
-1
-1
-1
-1
-1
3
-1
3
1050
-1
-1
-1
-1
3786
-1
-1
-1
3
-1
-1
-1
3
-1
652
-1
176
-1
-1
-1
750
-1
-1
-1
3
-1
3
3
-1
-1
-1
-1
-1
-1
-1
3
3
-1
3
-1
8819
-1
-1
3
-1
-1
3
3
-1
-1
3
-1
-1
3
-1
-1
3041
-1
-1
3
-1
3
537
3
3
-1
39670
-1
-1
3501
-1
-1
-1
3
3
2672
-1
-1
-1
-1
3
-1
-1
176
-1
3
-1
-1
-1
3
3
-1
3
3
175
-1
-1
3
-1
-1
3
3
176
-1
3
7286
12794
-1
1050
3
2662
176
3
3
-1
-1
-1
22701
176
-1
176
3
3
-1
-1
3
3
1311
-1
-1
709
3
-1
3
-1
3
-1
-1
-1
176
-1
3
-1
3
-1
3
3
9384
-1
-1
-1
3
-1
3
-1
-1
-1
3
3
-1
-1
-1
3
-1
-1
3
175
3
3
-1
-1
-1
3
-1
-1
3
-1
-1
3
-1
37119
-1
-1
-1
-1
3
-1
-1
-1
83600
24923
3
-1
-1
3
3
-1
3
-1
3
954
3
-1
-1
-1
-1
-1
3
-1
3
-1
-1
-1
-1
3
-1
-1
-1
3
3
3
-1
3821
-1
-1
-1
3041
-1
9688
2662
3
-1
-1
3
-1
-1
-1
3
52934
3
-1
3869
3
-1
-1
-1
3
-1
43005
2274
-1
3
-1
1607
9331
-1
3
3
-1
3
3
3
-1
-1
41700
-1
-1
-1
3
3
3
3
9331
-1
-1
-1
-1
3
-1
-1
-1
-1
-1
3
-1
3
-1
-1
3
-1
-1
3
3
3
3
-1
-1
175
3
-1
3
-1
-1
-1
-1
-1
3
3
-1
-1
-1
176
-1
3
-1
-1
-1
-1
-1
-1
3
-1
-1
-1
3
-1
3
3
1311
176
-1
-1
-1
-1
246
-1
3
-1
3
-1
-1
3
-1
-1
1311
1607
-1
-1
3
-1
3
-1
750
-1
-1
3
-1
-1
-1
3
-1
3
-1
3
216
176
3
3
-1
-1
-1
-1
-1
3
1723
14598
-1
-1
-1
3
3
-1
176
3
-1
176
3
-1
3
-1
652
3
3
-1
3835
-1
4036
10100
3
-1
8297
-1
-1
3
-1
-1
-1
-1
-1
3
-1
3
3
3
-1
3
-1
-1
-1
-1
3
30299
-1
3
-1
3
3
3501
-1
3
3
1607
-1
-1
-1
176
-1
3
-1
-1
-1
-1
-1
-1
3
176
-1
-1
-1
3
-1
6755
-1
-1
-1
3
-1
18447
176
-1
-1
-1
-1
3
-1
-1
-1
-1
-1
-1
-1
-1
-1
-1
3
3
3
3
-1
-1
-1
3
3
-1
-1
-1
-1
-1
104
-1
-1
-1
-1
652
3
3
-1
3
3
-1
176
674
-1
-1
3
-1
3
3
3
3
-1
3
14936
-1
-1
709
-1
-1
-1
1247
-1
-1
-1
1311
3
-1
115
3
-1
750
3
24469
3
-1
176
-1
-1
-1
3
-1
3
56
-1
3
-1
41225
-1
-1
-1
15122
3
15122
-1
3
-1
-1
-1
-1
-1
21422
-1
-1
3
-1
-1
-1
6755
3
532
-1
-1
-1
-1
3
3
3
-1
-1
-1
-1
5531
1311
-1
-1
-1
3
-1
3
3
3
3
-1
-1
-1
-1
-1
-1
-1
3
-1
-1
-1
18978
3
3
18764
20564
3
-1
3
798
3
3
346
818
-1
-1
176
-1
-1
537
3
3
-1
-1
-1
798
3
-1
-1
2692
3
-1
3
27675
19868
5507
-1
-1
-1
-1
-1
-1
176
3
-1
5946
-1
-1
-1
-1
3
-1
3
3
-1
3
-1
-1
3
3
3
-1
-1
3
3
-1
-1
-1
3
-1
-1
-1
-1
2458
-1
-1
3
-1
-1
3
3
-1
-1
893
3
-1
3
176
-1
-1
3
-1
3
-1
24890
3
3
5451
-1
3
3
-1
-1
3
-1
-1
-1
3
3
3
-1
-1
3
-1
26124
3
5726
14485
-1
3
-1
-1
-1
-1
-1
-1
-1
-1
3
-1
13436
-1
-1
3
1990
-1
-1
-1
-1
176
-1
2294
-1
3
42160
3
-1
3
3
-1
3
3
3
7060
-1
-1
-1
3
-1
-1
-1
93938
-1
-1
5757
1488
-1
-1
-1
3
-1
36025
3
-1
8819
