100
3 8
5 6 9 4 8 2 1 7
3 1
2
3 10
2 4 8 16 32 64 100 100 100 100
3 10
1 4 4 4 4 4 4 4 4 4
100 1
100
3 5
11 20 60 22 100
2 10
100 100 100 100 100 100 100 100 100 100
3 5
100 100 100 100 100
3 4
1 6 12 49
2 6
9 64 19 16 81 80
1 10
100 100 100 100 100 100 100 100 100 100
1 10
1 1 1 1 1 1 1 1 1 1
7 3
4 23 1
1 8
15 1 48 77 12 10 36 21
18 6
24 8 1 70 25 77
6 2
4 7
13 6
19 5 82 38 5 45
3 5
8 19 22 7 1
1 5
34 87 77 14 6
2 5
19 14 54 24 23
1 1
35
3 1
80
25 8
87 84 1 13 1 4 44 28
1 1
8
19 3
85 91 74
1 6
75 62 62 77 25 36
2 8
96 24 74 64 20 2 49 49
1 3
35 77 77
6 5
93 8 16 57 1
1 5
78 83 20 2 79
21 7
40 93 80 50 71 99 10
8 2
49 52
19 8
7 2 11 45 43 9 12 12
1 7
88 61 24 35 7 11 17
4 4
1 7 3 59
1 7
25 97 2 1 68 7 11
9 8
17 46 49 63 8 70 22 35
2 4
9 2 4 2
1 6
78 39 45 1 14 5
1 8
98 80 44 66 15 3 11 1
4 7
45 21 61 72 69 74 2
3 6
97 26 59 2 20 5
16 4
1 5 50 1
20 5
5 95 14 19 72
12 8
87 32 60 28 12 56 34 19
7 9
7 42 30 1 60 43 1 96 16
18 6
4 47 9 86 14 79
3 9
42 8 1 1 26 32 2 10 34
1 4
85 4 1 87
1 8
64 1 31 1 80 98 2 3
1 2
1 39
20 2
5 40
15 7
1 13 95 4 96 10 21
1 4
3 94 74 3
3 8
3 10 20 1 44 10 28 31
3 8
4 70 2 3 70 3 6 18
1 1
1
1 9
71 4 1 11 85 22 51 4 64
20 2
32 52
20 5
6 62 44 14 1
3 4
12 1 53 13
8 6
96 3 5 68 1 9
12 5
97 1 26 30 1
1 2
36 80
5 8
79 48 26 86 1 16 62 85
1 3
1 96 25
2 6
75 83 84 77 58 7
25 1
8
22 8
11 53 5 23 1 1 64 23
1 5
28 4 59 1 16
6 3
16 6 26
3 6
15 8 1 19 1 20
11 3
9 1 9
22 8
29 64 2 77 26 1 94 50
17 4
19 47 8 1
13 7
21 7 31 11 21 38 4
2 1
3
2 2
43 42
6 7
5 37 7 47 2 5 36
2 6
81 11 55 1 50 7
1 4
7 55 31 1
20 6
17 7 71 3 83 6
17 5
33 57 79 16 47
13 7
7 1 37 41 14 64 7
9 3
1 12 2
12 4
49 1 6 6
2 7
99 18 1 29 68 2 55
9 8
56 68 98 19 7 32 24 97
12 1
29
1 4
57 87 20 51
1 4
90 44 72 80
9 4
29 74 44 33
4 8
68 14 26 35 86 96 51 37
3 7
8 1 10 14 98 33 36
1 8
45 29 66 65 91 80 9 83
10 4
38 77 2 57
13 7
1 49 72 11 2 90 58
1 9
27 95 7 36 6 18 70 6 46
10 4
3 29 4 32
2 2
57 2
